========================================
Citation:
Pierre, JP, Dashtian, H, &amp; Young, MH. Texas Soil Observation Network (TxSON).
File Created/Processed: 2026-02-24 15:29:23
========================================
Date,Ppt,SWC_5,SWC_10,SWC_20,T_5,T_10,T_20,Flag
2022-06-09 11:00:00,0.00,0.189,0.198,0.224,26.77,26.16,26.31,0
2022-06-09 12:00:00,0.00,0.200,0.209,0.236,28.73,27.44,27.37,0
2022-06-09 13:00:00,0.00,0.200,0.209,0.235,29.82,27.84,27.37,0
2022-06-09 14:00:00,0.00,0.200,0.209,0.234,30.82,28.32,27.41,0
2022-06-09 15:00:00,0.00,0.200,0.208,0.234,31.59,28.82,27.51,0
2022-06-09 16:00:00,0.00,0.199,0.208,0.233,32.04,29.28,27.65,0
2022-06-09 17:00:00,0.00,0.199,0.208,0.233,32.18,29.65,27.81,0
2022-06-09 18:00:00,0.00,0.198,0.208,0.233,32.02,29.88,27.98,0
2022-06-09 19:00:00,0.00,0.197,0.207,0.233,31.64,29.98,28.15,0
2022-06-09 20:00:00,0.00,0.197,0.207,0.233,31.10,29.96,28.30,0
2022-06-09 21:00:00,0.00,0.196,0.207,0.233,30.51,29.83,28.41,0
2022-06-09 22:00:00,0.00,0.195,0.206,0.232,29.98,29.66,28.48,0
2022-06-09 23:00:00,0.00,0.195,0.206,0.232,29.52,29.46,28.53,0
2022-06-10 00:00:00,0.00,0.194,0.206,0.233,29.10,29.24,28.53,0
2022-06-10 01:00:00,0.00,0.194,0.205,0.233,28.75,29.03,28.53,0
2022-06-10 02:00:00,0.00,0.194,0.205,0.232,28.45,28.82,28.48,0
2022-06-10 03:00:00,0.00,0.193,0.204,0.232,28.16,28.64,28.44,0
2022-06-10 04:00:00,0.00,0.193,0.204,0.232,27.88,28.45,28.37,0
2022-06-10 05:00:00,0.00,0.193,0.204,0.232,27.64,28.27,28.30,0
2022-06-10 06:00:00,0.00,0.192,0.203,0.232,27.41,28.10,28.21,0
2022-06-10 07:00:00,0.00,0.192,0.203,0.232,27.22,27.93,28.14,0
2022-06-10 08:00:00,0.00,0.192,0.203,0.231,27.10,27.78,28.06,0
2022-06-10 09:00:00,0.00,0.192,0.203,0.231,27.05,27.68,27.98,0
2022-06-10 10:00:00,0.00,0.192,0.202,0.231,27.36,27.60,27.90,0
2022-06-10 11:00:00,0.00,0.192,0.201,0.230,28.14,27.64,27.82,0
2022-06-10 12:00:00,0.00,0.192,0.201,0.229,29.24,27.89,27.77,0
2022-06-10 13:00:00,0.00,0.192,0.201,0.228,30.38,28.28,27.77,0
2022-06-10 14:00:00,0.00,0.192,0.201,0.227,31.45,28.78,27.81,0
2022-06-10 15:00:00,0.00,0.192,0.200,0.227,32.29,29.31,27.90,0
2022-06-10 16:00:00,0.00,0.192,0.200,0.226,32.85,29.81,28.04,0
2022-06-10 17:00:00,0.00,0.192,0.200,0.226,33.04,30.22,28.21,0
2022-06-10 18:00:00,0.00,0.191,0.200,0.225,32.92,30.49,28.39,0
2022-06-10 19:00:00,0.00,0.190,0.200,0.225,32.54,30.62,28.59,0
2022-06-10 20:00:00,0.00,0.190,0.200,0.225,31.98,30.62,28.74,0
2022-06-10 21:00:00,0.00,0.189,0.199,0.225,31.36,30.51,28.87,0
2022-06-10 22:00:00,0.00,0.188,0.199,0.226,30.76,30.33,28.95,0
2022-06-10 23:00:00,0.00,0.188,0.199,0.226,30.24,30.10,29.01,0
2022-06-11 00:00:00,0.00,0.187,0.198,0.225,29.80,29.87,29.01,0
2022-06-11 01:00:00,0.00,0.187,0.198,0.225,29.44,29.64,29.00,0
2022-06-11 02:00:00,0.00,0.187,0.197,0.225,29.17,29.43,28.96,0
2022-06-11 03:00:00,0.00,0.186,0.197,0.225,28.90,29.26,28.91,0
2022-06-11 04:00:00,0.00,0.186,0.197,0.225,28.63,29.08,28.85,0
2022-06-11 05:00:00,0.00,0.186,0.197,0.225,28.37,28.89,28.79,0
2022-06-11 06:00:00,0.00,0.185,0.196,0.225,28.12,28.73,28.71,0
2022-06-11 07:00:00,0.00,0.185,0.196,0.225,27.90,28.56,28.65,0
2022-06-11 08:00:00,0.00,0.185,0.196,0.224,27.73,28.39,28.56,0
2022-06-11 09:00:00,0.00,0.185,0.195,0.224,27.63,28.26,28.48,0
2022-06-11 10:00:00,0.00,0.185,0.195,0.224,27.89,28.16,28.40,0
2022-06-11 11:00:00,0.00,0.185,0.194,0.223,28.66,28.19,28.32,0
2022-06-11 12:00:00,0.00,0.185,0.194,0.222,29.76,28.40,28.27,0
2022-06-11 13:00:00,0.00,0.186,0.194,0.221,31.00,28.80,28.24,0
2022-06-11 14:00:00,0.00,0.186,0.194,0.221,32.14,29.31,28.27,0
2022-06-11 15:00:00,0.00,0.186,0.194,0.220,33.03,29.86,28.37,0
2022-06-11 16:00:00,0.00,0.186,0.194,0.219,33.59,30.38,28.51,0
2022-06-11 17:00:00,0.00,0.186,0.194,0.219,33.81,30.80,28.69,0
2022-06-11 18:00:00,0.00,0.185,0.194,0.219,33.74,31.10,28.89,0
2022-06-11 19:00:00,0.00,0.185,0.194,0.219,33.37,31.25,29.07,0
2022-06-11 20:00:00,0.00,0.184,0.194,0.219,32.75,31.25,29.25,0
2022-06-11 21:00:00,0.00,0.183,0.193,0.219,32.08,31.13,29.38,0
2022-06-11 22:00:00,0.00,0.183,0.193,0.219,31.45,30.95,29.47,0
2022-06-11 23:00:00,0.00,0.182,0.193,0.219,30.91,30.71,29.51,0
2022-06-12 00:00:00,0.00,0.182,0.192,0.219,30.44,30.47,29.52,0
2022-06-12 01:00:00,0.00,0.181,0.192,0.219,30.05,30.22,29.51,0
2022-06-12 02:00:00,0.00,0.181,0.192,0.219,29.76,30.00,29.48,0
2022-06-12 03:00:00,0.00,0.180,0.191,0.219,29.51,29.82,29.41,0
2022-06-12 04:00:00,0.00,0.180,0.191,0.219,29.26,29.63,29.36,0
2022-06-12 05:00:00,0.00,0.180,0.191,0.219,29.00,29.46,29.29,0
2022-06-12 06:00:00,0.00,0.180,0.191,0.218,28.76,29.30,29.21,0
2022-06-12 07:00:00,0.00,0.179,0.190,0.218,28.51,29.13,29.14,0
2022-06-12 08:00:00,0.00,0.179,0.190,0.218,28.28,28.96,29.06,0
2022-06-12 09:00:00,0.00,0.179,0.190,0.218,28.16,28.81,28.98,0
2022-06-12 10:00:00,0.00,0.179,0.189,0.217,28.45,28.68,28.89,0
2022-06-12 11:00:00,0.00,0.179,0.189,0.217,29.19,28.72,28.81,0
2022-06-12 12:00:00,0.00,0.180,0.189,0.216,30.20,28.92,28.75,0
2022-06-12 13:00:00,0.00,0.180,0.189,0.216,31.25,29.27,28.74,0
2022-06-12 14:00:00,0.00,0.181,0.189,0.215,32.32,29.73,28.76,0
2022-06-12 15:00:00,0.00,0.181,0.189,0.214,33.20,30.24,28.83,0
2022-06-12 16:00:00,0.00,0.181,0.189,0.214,33.80,30.72,28.96,0
2022-06-12 17:00:00,0.00,0.181,0.189,0.214,34.06,31.13,29.12,0
2022-06-12 18:00:00,0.00,0.181,0.190,0.214,33.98,31.41,29.29,0
2022-06-12 19:00:00,0.00,0.180,0.189,0.214,33.65,31.57,29.46,0
2022-06-12 20:00:00,0.00,0.180,0.189,0.214,33.07,31.57,29.62,0
2022-06-12 21:00:00,0.00,0.179,0.189,0.214,32.41,31.47,29.75,0
2022-06-12 22:00:00,0.00,0.178,0.189,0.214,31.80,31.28,29.83,0
2022-06-12 23:00:00,0.00,0.178,0.188,0.214,31.28,31.06,29.88,0
2022-06-13 00:00:00,0.00,0.177,0.188,0.214,30.91,30.81,29.89,0
2022-06-13 01:00:00,0.00,0.177,0.188,0.214,30.59,30.64,29.87,0
2022-06-13 02:00:00,0.00,0.177,0.187,0.214,30.22,30.43,29.83,0
2022-06-13 03:00:00,0.00,0.176,0.187,0.214,29.87,30.22,29.80,0
2022-06-13 04:00:00,0.00,0.176,0.187,0.214,29.51,30.01,29.74,0
2022-06-13 05:00:00,0.00,0.175,0.186,0.214,29.18,29.80,29.67,0
2022-06-13 06:00:00,0.00,0.175,0.186,0.214,28.83,29.59,29.59,0
2022-06-13 07:00:00,0.00,0.175,0.186,0.214,28.52,29.38,29.50,0
2022-06-13 08:00:00,0.00,0.174,0.186,0.213,28.30,29.16,29.41,0
2022-06-13 09:00:00,0.00,0.174,0.185,0.213,28.19,28.99,29.30,0
2022-06-13 10:00:00,0.00,0.174,0.185,0.213,28.42,28.87,29.20,0
2022-06-13 11:00:00,0.00,0.175,0.185,0.212,29.05,28.85,29.11,0
2022-06-13 12:00:00,0.00,0.175,0.185,0.212,29.95,29.01,29.03,0
2022-06-13 13:00:00,0.00,0.176,0.185,0.211,30.99,29.31,28.99,0
2022-06-13 14:00:00,0.00,0.176,0.185,0.211,31.95,29.71,29.00,0
2022-06-13 15:00:00,0.00,0.177,0.185,0.210,32.79,30.17,29.05,0
2022-06-13 16:00:00,0.00,0.177,0.185,0.210,33.36,30.62,29.15,0
2022-06-13 17:00:00,0.00,0.177,0.186,0.210,33.53,30.98,29.29,0
2022-06-13 18:00:00,0.00,0.177,0.186,0.210,33.40,31.23,29.42,0
2022-06-13 19:00:00,0.00,0.176,0.186,0.210,33.02,31.33,29.59,0
2022-06-13 20:00:00,0.00,0.176,0.186,0.210,32.53,31.32,29.72,0
2022-06-13 21:00:00,0.00,0.175,0.185,0.210,32.02,31.22,29.81,0
2022-06-13 22:00:00,0.00,0.175,0.185,0.210,31.58,31.05,29.89,0
2022-06-13 23:00:00,0.00,0.174,0.185,0.210,31.18,30.89,29.91,0
2022-06-14 00:00:00,0.00,0.174,0.185,0.210,30.78,30.71,29.91,0
2022-06-14 01:00:00,0.00,0.173,0.184,0.210,30.41,30.52,29.90,0
2022-06-14 02:00:00,0.00,0.173,0.184,0.210,30.03,30.32,29.87,0
2022-06-14 03:00:00,0.00,0.173,0.184,0.210,29.69,30.11,29.83,0
2022-06-14 04:00:00,0.00,0.172,0.184,0.210,29.36,29.92,29.76,0
2022-06-14 05:00:00,0.00,0.172,0.183,0.210,29.06,29.71,29.70,0
2022-06-14 06:00:00,0.00,0.172,0.183,0.210,28.77,29.51,29.61,0
2022-06-14 07:00:00,0.00,0.171,0.183,0.210,28.51,29.32,29.53,0
2022-06-14 08:00:00,0.00,0.171,0.182,0.209,28.32,29.13,29.43,0
2022-06-14 09:00:00,0.00,0.171,0.182,0.209,28.25,28.96,29.33,0
2022-06-14 10:00:00,0.00,0.171,0.182,0.209,28.48,28.86,29.25,0
2022-06-14 11:00:00,0.00,0.171,0.182,0.209,29.11,28.89,29.16,0
2022-06-14 12:00:00,0.00,0.172,0.182,0.208,30.00,29.03,29.09,0
2022-06-14 13:00:00,0.00,0.173,0.182,0.208,30.97,29.32,29.06,0
2022-06-14 14:00:00,0.00,0.173,0.182,0.207,31.77,29.71,29.06,0
2022-06-14 15:00:00,0.00,0.174,0.182,0.207,32.26,30.10,29.12,0
2022-06-14 16:00:00,0.00,0.174,0.183,0.207,32.52,30.42,29.20,0
2022-06-14 17:00:00,0.00,0.174,0.183,0.207,32.57,30.66,29.31,0
2022-06-14 18:00:00,0.00,0.173,0.183,0.207,32.38,30.80,29.42,0
2022-06-14 19:00:00,0.00,0.173,0.183,0.207,32.12,30.85,29.53,0
2022-06-14 20:00:00,0.00,0.173,0.182,0.207,31.74,30.82,29.63,0
2022-06-14 21:00:00,0.00,0.172,0.182,0.207,31.31,30.73,29.69,0
2022-06-14 22:00:00,0.00,0.172,0.182,0.207,30.92,30.60,29.73,0
2022-06-14 23:00:00,0.00,0.171,0.182,0.207,30.58,30.44,29.74,0
2022-06-15 00:00:00,0.00,0.171,0.182,0.207,30.25,30.28,29.74,0
2022-06-15 01:00:00,0.00,0.170,0.182,0.207,29.96,30.12,29.71,0
2022-06-15 02:00:00,0.00,0.170,0.181,0.207,29.67,29.95,29.68,0
2022-06-15 03:00:00,0.00,0.170,0.181,0.207,29.43,29.79,29.63,0
2022-06-15 04:00:00,0.00,0.170,0.181,0.207,29.20,29.63,29.56,0
2022-06-15 05:00:00,0.00,0.169,0.181,0.207,29.03,29.48,29.51,0
2022-06-15 06:00:00,0.00,0.169,0.180,0.207,28.85,29.35,29.45,0
2022-06-15 07:00:00,0.00,0.169,0.180,0.207,28.69,29.22,29.37,0
2022-06-15 08:00:00,0.00,0.169,0.180,0.207,28.58,29.10,29.30,0
2022-06-15 09:00:00,0.00,0.169,0.180,0.206,28.60,29.00,29.23,0
2022-06-15 10:00:00,0.00,0.169,0.180,0.206,28.78,28.94,29.16,0
2022-06-15 11:00:00,0.00,0.169,0.180,0.206,28.96,28.94,29.09,0
2022-06-15 12:00:00,0.00,0.169,0.180,0.206,29.26,28.96,29.05,0
2022-06-15 13:00:00,0.00,0.170,0.180,0.205,29.99,29.09,29.02,0
2022-06-15 14:00:00,0.00,0.170,0.180,0.205,30.61,29.32,28.99,0
2022-06-15 15:00:00,0.00,0.170,0.180,0.205,31.10,29.60,29.01,0
2022-06-15 16:00:00,0.00,0.170,0.180,0.205,30.90,29.81,29.05,0
2022-06-15 17:00:00,0.00,0.170,0.180,0.205,30.81,29.86,29.13,0
2022-06-15 18:00:00,0.00,0.170,0.180,0.205,30.85,29.91,29.16,0
2022-06-15 19:00:00,0.00,0.170,0.180,0.205,30.86,29.95,29.21,0
2022-06-15 20:00:00,0.00,0.170,0.180,0.205,30.72,29.98,29.25,0
2022-06-15 21:00:00,0.00,0.169,0.180,0.205,30.39,29.95,29.28,0
2022-06-15 22:00:00,0.00,0.169,0.180,0.205,30.00,29.86,29.31,0
2022-06-15 23:00:00,0.00,0.168,0.180,0.205,29.64,29.71,29.32,0
2022-06-16 00:00:00,0.00,0.168,0.180,0.205,29.38,29.56,29.30,0
2022-06-16 01:00:00,0.00,0.168,0.179,0.205,29.14,29.41,29.27,0
2022-06-16 02:00:00,0.00,0.168,0.179,0.205,28.88,29.28,29.24,0
2022-06-16 03:00:00,0.00,0.167,0.179,0.205,28.60,29.11,29.18,0
2022-06-16 04:00:00,0.00,0.167,0.179,0.205,28.30,28.95,29.12,0
2022-06-16 05:00:00,0.00,0.166,0.179,0.204,28.02,28.79,29.05,0
2022-06-16 06:00:00,0.00,0.166,0.178,0.204,27.77,28.61,28.98,0
2022-06-16 07:00:00,0.00,0.166,0.178,0.204,27.57,28.44,28.89,0
2022-06-16 08:00:00,0.00,0.166,0.178,0.204,27.44,28.29,28.81,0
2022-06-16 09:00:00,0.00,0.166,0.178,0.204,27.49,28.17,28.72,0
2022-06-16 10:00:00,0.00,0.166,0.178,0.204,27.83,28.11,28.63,0
2022-06-16 11:00:00,0.00,0.167,0.177,0.203,28.55,28.17,28.55,0
2022-06-16 12:00:00,0.00,0.167,0.178,0.203,29.61,28.39,28.50,0
2022-06-16 13:00:00,0.00,0.168,0.178,0.203,30.81,28.75,28.47,0
2022-06-16 14:00:00,0.00,0.169,0.178,0.202,32.00,29.26,28.50,0
2022-06-16 15:00:00,0.00,0.170,0.179,0.202,33.03,29.82,28.58,0
2022-06-16 16:00:00,0.00,0.170,0.179,0.202,33.66,30.38,28.72,0
2022-06-16 17:00:00,0.00,0.170,0.180,0.202,33.95,30.82,28.90,0
2022-06-16 18:00:00,0.00,0.170,0.180,0.202,33.93,31.14,29.10,0
2022-06-16 19:00:00,0.00,0.170,0.180,0.202,33.60,31.33,29.28,0
2022-06-16 20:00:00,0.00,0.169,0.180,0.202,33.02,31.36,29.47,0
2022-06-16 21:00:00,0.00,0.169,0.180,0.203,32.34,31.28,29.61,0
2022-06-16 22:00:00,0.00,0.168,0.179,0.203,31.68,31.09,29.71,0
2022-06-16 23:00:00,0.00,0.167,0.179,0.203,31.12,30.85,29.76,0
2022-06-17 00:00:00,0.00,0.167,0.179,0.203,30.65,30.62,29.79,0
2022-06-17 01:00:00,0.00,0.166,0.178,0.203,30.21,30.38,29.77,0
2022-06-17 02:00:00,0.00,0.166,0.178,0.203,29.82,30.15,29.73,0
2022-06-17 03:00:00,0.00,0.165,0.178,0.203,29.44,29.92,29.68,0
2022-06-17 04:00:00,0.00,0.165,0.177,0.203,29.06,29.69,29.60,0
2022-06-17 05:00:00,0.00,0.164,0.177,0.203,28.70,29.46,29.53,0
2022-06-17 06:00:00,0.00,0.164,0.177,0.202,28.40,29.24,29.45,0
2022-06-17 07:00:00,0.00,0.164,0.177,0.202,28.14,29.04,29.34,0
2022-06-17 08:00:00,0.00,0.163,0.176,0.202,27.98,28.85,29.25,0
2022-06-17 09:00:00,0.00,0.163,0.176,0.202,27.97,28.69,29.15,0
2022-06-17 10:00:00,0.00,0.164,0.176,0.202,28.42,28.60,29.05,0
2022-06-17 11:00:00,0.00,0.164,0.176,0.201,29.44,28.69,28.97,0
2022-06-17 12:00:00,0.00,0.165,0.176,0.201,30.79,28.98,28.91,0
2022-06-17 13:00:00,0.00,0.166,0.176,0.201,32.17,29.45,28.90,0
2022-06-17 14:00:00,0.00,0.167,0.177,0.200,33.26,30.03,28.95,0
2022-06-17 15:00:00,0.00,0.168,0.177,0.200,33.98,30.60,29.06,0
2022-06-17 16:00:00,0.00,0.168,0.178,0.200,34.43,31.09,29.22,0
2022-06-17 17:00:00,0.00,0.168,0.178,0.200,34.47,31.47,29.40,0
2022-06-17 18:00:00,0.00,0.168,0.178,0.200,34.26,31.72,29.59,0
2022-06-17 19:00:00,0.00,0.167,0.178,0.201,33.83,31.80,29.78,0
2022-06-17 20:00:00,0.00,0.167,0.178,0.201,33.28,31.79,29.93,0
2022-06-17 21:00:00,0.00,0.166,0.178,0.201,32.64,31.66,30.05,0
2022-06-17 22:00:00,0.00,0.165,0.178,0.201,32.05,31.46,30.13,0
2022-06-17 23:00:00,0.00,0.165,0.177,0.201,31.52,31.24,30.18,0
2022-06-18 00:00:00,0.00,0.164,0.177,0.201,31.06,31.01,30.18,0
2022-06-18 01:00:00,0.00,0.164,0.177,0.201,30.67,30.77,30.15,0
2022-06-18 02:00:00,0.00,0.163,0.176,0.201,30.30,30.55,30.11,0
2022-06-18 03:00:00,0.00,0.163,0.176,0.201,29.96,30.34,30.06,0
2022-06-18 04:00:00,0.00,0.163,0.176,0.201,29.63,30.13,29.99,0
2022-06-18 05:00:00,0.00,0.162,0.175,0.201,29.31,29.91,29.91,0
2022-06-18 06:00:00,0.00,0.162,0.175,0.201,29.00,29.71,29.82,0
2022-06-18 07:00:00,0.00,0.162,0.175,0.201,28.69,29.50,29.74,0
2022-06-18 08:00:00,0.00,0.161,0.175,0.200,28.47,29.30,29.63,0
2022-06-18 09:00:00,0.00,0.161,0.174,0.200,28.38,29.13,29.54,0
2022-06-18 10:00:00,0.00,0.161,0.174,0.200,28.70,29.02,29.44,0
2022-06-18 11:00:00,0.00,0.162,0.174,0.200,29.58,29.05,29.35,0
2022-06-18 12:00:00,0.00,0.163,0.174,0.199,30.86,29.29,29.27,0
2022-06-18 13:00:00,0.00,0.164,0.175,0.199,32.20,29.72,29.24,0
2022-06-18 14:00:00,0.00,0.165,0.175,0.199,33.41,30.28,29.28,0
2022-06-18 15:00:00,0.00,0.166,0.176,0.198,34.42,30.87,29.37,0
2022-06-18 16:00:00,0.00,0.166,0.176,0.198,35.07,31.44,29.51,0
2022-06-18 17:00:00,0.00,0.166,0.177,0.198,35.32,31.91,29.70,0
2022-06-18 18:00:00,0.00,0.166,0.177,0.199,35.18,32.22,29.90,0
2022-06-18 19:00:00,0.00,0.166,0.177,0.199,34.72,32.37,30.11,0
2022-06-18 20:00:00,0.00,0.165,0.177,0.199,34.05,32.36,30.29,0
2022-06-18 21:00:00,0.00,0.164,0.176,0.199,33.31,32.23,30.44,0
2022-06-18 22:00:00,0.00,0.163,0.176,0.199,32.63,32.01,30.51,0
2022-06-18 23:00:00,0.00,0.163,0.176,0.199,32.04,31.76,30.57,0
2022-06-19 00:00:00,0.00,0.162,0.175,0.199,31.53,31.49,30.58,0
2022-06-19 01:00:00,0.00,0.162,0.175,0.199,31.13,31.23,30.55,0
2022-06-19 02:00:00,0.00,0.161,0.175,0.199,30.78,31.00,30.51,0
2022-06-19 03:00:00,0.00,0.161,0.174,0.199,30.44,30.79,30.46,0
2022-06-19 04:00:00,0.00,0.160,0.174,0.199,30.11,30.57,30.39,0
2022-06-19 05:00:00,0.00,0.160,0.174,0.199,29.79,30.36,30.30,0
2022-06-19 06:00:00,0.00,0.160,0.174,0.199,29.47,30.15,30.21,0
2022-06-19 07:00:00,0.00,0.159,0.173,0.199,29.19,29.94,30.12,0
2022-06-19 08:00:00,0.00,0.159,0.173,0.199,28.98,29.75,30.03,0
2022-06-19 09:00:00,0.00,0.159,0.173,0.199,28.87,29.58,29.93,0
2022-06-19 10:00:00,0.00,0.159,0.173,0.198,29.25,29.46,29.84,0
2022-06-19 11:00:00,0.00,0.160,0.173,0.198,30.19,29.52,29.74,0
2022-06-19 12:00:00,0.00,0.161,0.173,0.198,31.45,29.77,29.68,0
2022-06-19 13:00:00,0.00,0.162,0.173,0.197,32.72,30.21,29.65,0
2022-06-19 14:00:00,0.00,0.163,0.174,0.197,33.73,30.73,29.69,0
2022-06-19 15:00:00,0.00,0.163,0.174,0.197,34.58,31.25,29.78,0
2022-06-19 16:00:00,0.00,0.164,0.175,0.197,35.14,31.77,29.91,0
2022-06-19 17:00:00,0.00,0.164,0.175,0.197,35.36,32.18,30.09,0
2022-06-19 18:00:00,0.00,0.164,0.175,0.197,35.24,32.45,30.26,0
2022-06-19 19:00:00,0.00,0.163,0.175,0.197,34.80,32.59,30.46,0
2022-06-19 20:00:00,0.00,0.163,0.175,0.198,34.13,32.58,30.62,0
2022-06-19 21:00:00,0.00,0.162,0.175,0.198,33.42,32.43,30.74,0
2022-06-19 22:00:00,0.00,0.161,0.175,0.198,32.78,32.21,30.82,0
2022-06-19 23:00:00,0.00,0.160,0.174,0.198,32.22,31.97,30.85,0
2022-06-20 00:00:00,0.00,0.160,0.174,0.198,31.74,31.72,30.86,0
2022-06-20 01:00:00,0.00,0.159,0.174,0.198,31.31,31.46,30.84,0
2022-06-20 02:00:00,0.00,0.159,0.173,0.198,30.91,31.23,30.78,0
2022-06-20 03:00:00,0.00,0.158,0.173,0.198,30.52,30.98,30.72,0
2022-06-20 04:00:00,0.00,0.158,0.173,0.198,30.13,30.74,30.64,0
2022-06-20 05:00:00,0.00,0.158,0.172,0.198,29.73,30.50,30.56,0
2022-06-20 06:00:00,0.00,0.157,0.172,0.197,29.38,30.26,30.46,0
2022-06-20 07:00:00,0.00,0.157,0.172,0.197,29.08,30.03,30.35,0
2022-06-20 08:00:00,0.00,0.156,0.171,0.197,28.86,29.81,30.25,0
2022-06-20 09:00:00,0.00,0.156,0.171,0.197,28.79,29.63,30.14,0
2022-06-20 10:00:00,0.00,0.156,0.171,0.197,29.16,29.51,30.02,0
2022-06-20 11:00:00,0.00,0.157,0.171,0.196,30.08,29.55,29.92,0
2022-06-20 12:00:00,0.00,0.158,0.171,0.196,31.32,29.80,29.85,0
2022-06-20 13:00:00,0.00,0.159,0.172,0.196,32.60,30.22,29.81,0
2022-06-20 14:00:00,0.00,0.160,0.172,0.196,33.72,30.74,29.83,0
2022-06-20 15:00:00,0.00,0.161,0.173,0.196,34.56,31.30,29.92,0
2022-06-20 16:00:00,0.00,0.161,0.173,0.196,34.99,31.80,30.05,0
2022-06-20 17:00:00,0.00,0.161,0.174,0.196,35.16,32.17,30.22,0
2022-06-20 18:00:00,0.00,0.161,0.174,0.196,35.13,32.45,30.40,0
2022-06-20 19:00:00,0.00,0.161,0.174,0.196,34.67,32.58,30.57,0
2022-06-20 20:00:00,0.00,0.160,0.174,0.196,34.08,32.57,30.71,0
2022-06-20 21:00:00,0.00,0.159,0.173,0.196,33.40,32.43,30.85,0
2022-06-20 22:00:00,0.00,0.159,0.173,0.196,32.76,32.23,30.91,0
2022-06-20 23:00:00,0.00,0.158,0.173,0.196,32.24,31.99,30.95,0
2022-06-21 00:00:00,0.00,0.158,0.172,0.196,31.78,31.74,30.95,0
2022-06-21 01:00:00,0.00,0.157,0.172,0.196,31.38,31.50,30.92,0
2022-06-21 02:00:00,0.00,0.157,0.172,0.196,31.01,31.28,30.88,0
2022-06-21 03:00:00,0.00,0.156,0.172,0.196,30.67,31.06,30.81,0
2022-06-21 04:00:00,0.00,0.156,0.171,0.196,30.34,30.85,30.74,0
2022-06-21 05:00:00,0.00,0.156,0.171,0.196,30.04,30.65,30.67,0
2022-06-21 06:00:00,0.00,0.155,0.171,0.196,29.76,30.44,30.59,0
2022-06-21 07:00:00,0.00,0.155,0.171,0.196,29.50,30.24,30.49,0
2022-06-21 08:00:00,0.00,0.155,0.170,0.196,29.32,30.06,30.39,0
2022-06-21 09:00:00,0.00,0.154,0.170,0.196,29.30,29.90,30.29,0
2022-06-21 10:00:00,0.00,0.155,0.170,0.195,29.66,29.82,30.19,0
2022-06-21 11:00:00,0.00,0.155,0.170,0.195,30.60,29.87,30.09,0
2022-06-21 12:00:00,0.00,0.156,0.170,0.195,31.90,30.14,30.03,0
2022-06-21 13:00:00,0.00,0.158,0.171,0.195,33.25,30.58,30.01,0
2022-06-21 14:00:00,0.00,0.159,0.171,0.194,34.43,31.15,30.06,0
2022-06-21 15:00:00,0.00,0.159,0.172,0.194,35.14,31.72,30.16,0
2022-06-21 16:00:00,0.00,0.160,0.172,0.194,35.70,32.22,30.31,0
2022-06-21 17:00:00,0.00,0.160,0.173,0.194,35.76,32.62,30.48,0
2022-06-21 18:00:00,0.00,0.159,0.173,0.195,35.58,32.86,30.68,0
2022-06-21 19:00:00,0.00,0.159,0.173,0.195,35.23,32.97,30.86,0
2022-06-21 20:00:00,0.00,0.158,0.173,0.195,34.62,32.97,31.02,0
2022-06-21 21:00:00,0.00,0.158,0.172,0.195,33.91,32.84,31.13,0
2022-06-21 22:00:00,0.00,0.157,0.172,0.195,33.23,32.62,31.22,0
2022-06-21 23:00:00,0.00,0.156,0.172,0.195,32.70,32.37,31.26,0
2022-06-22 00:00:00,0.00,0.156,0.171,0.195,32.25,32.13,31.26,0
2022-06-22 01:00:00,0.00,0.155,0.171,0.195,31.83,31.90,31.23,0
2022-06-22 02:00:00,0.00,0.155,0.171,0.195,31.43,31.66,31.19,0
2022-06-22 03:00:00,0.00,0.155,0.171,0.195,31.06,31.43,31.13,0
2022-06-22 04:00:00,0.00,0.154,0.170,0.195,30.71,31.21,31.04,0
2022-06-22 05:00:00,0.00,0.154,0.170,0.195,30.39,30.98,30.97,0
2022-06-22 06:00:00,0.00,0.153,0.170,0.195,30.08,30.77,30.88,0
2022-06-22 07:00:00,0.00,0.153,0.169,0.195,29.78,30.56,30.79,0
2022-06-22 08:00:00,0.00,0.153,0.169,0.195,29.57,30.36,30.70,0
2022-06-22 09:00:00,0.00,0.153,0.169,0.194,29.50,30.19,30.59,0
2022-06-22 10:00:00,0.00,0.153,0.169,0.194,29.89,30.08,30.48,0
2022-06-22 11:00:00,0.00,0.154,0.169,0.194,30.87,30.14,30.38,0
2022-06-22 12:00:00,0.00,0.155,0.169,0.194,32.15,30.41,30.32,0
2022-06-22 13:00:00,0.00,0.156,0.170,0.194,33.30,30.85,30.29,0
2022-06-22 14:00:00,0.00,0.156,0.170,0.193,34.28,31.33,30.34,0
2022-06-22 15:00:00,0.00,0.157,0.171,0.193,35.15,31.85,30.41,0
2022-06-22 16:00:00,0.00,0.158,0.171,0.193,35.58,32.32,30.55,0
2022-06-22 17:00:00,0.00,0.158,0.171,0.193,35.90,32.71,30.72,0
2022-06-22 18:00:00,0.00,0.158,0.172,0.194,35.90,33.00,30.88,0
2022-06-22 19:00:00,0.00,0.157,0.172,0.194,35.53,33.16,31.06,0
2022-06-22 20:00:00,0.00,0.157,0.172,0.194,34.90,33.19,31.22,0
2022-06-22 21:00:00,0.00,0.156,0.171,0.194,34.16,33.07,31.35,0
2022-06-22 22:00:00,0.00,0.155,0.171,0.194,33.45,32.85,31.43,0
2022-06-22 23:00:00,0.00,0.155,0.171,0.194,32.83,32.58,31.47,0
2022-06-23 00:00:00,0.00,0.154,0.170,0.194,32.31,32.31,31.48,0
2022-06-23 01:00:00,0.00,0.154,0.170,0.194,31.87,32.06,31.45,0
2022-06-23 02:00:00,0.00,0.153,0.170,0.194,31.44,31.80,31.40,0
2022-06-23 03:00:00,0.00,0.153,0.169,0.194,31.05,31.55,31.32,0
2022-06-23 04:00:00,0.00,0.152,0.169,0.194,30.69,31.30,31.24,0
2022-06-23 05:00:00,0.00,0.152,0.169,0.194,30.34,31.07,31.15,0
2022-06-23 06:00:00,0.00,0.151,0.168,0.194,30.01,30.84,31.05,0
2022-06-23 07:00:00,0.00,0.151,0.168,0.194,29.72,30.62,30.94,0
2022-06-23 08:00:00,0.00,0.151,0.168,0.194,29.51,30.40,30.84,0
2022-06-23 09:00:00,0.00,0.151,0.168,0.193,29.49,30.24,30.71,0
2022-06-23 10:00:00,0.00,0.151,0.168,0.193,29.92,30.14,30.60,0
2022-06-23 11:00:00,0.00,0.152,0.168,0.193,30.93,30.20,30.51,0
2022-06-23 12:00:00,0.00,0.153,0.168,0.193,32.29,30.49,30.44,0
2022-06-23 13:00:00,0.00,0.154,0.169,0.192,33.49,30.96,30.44,0
2022-06-23 14:00:00,0.00,0.155,0.169,0.192,34.39,31.46,30.45,0
2022-06-23 15:00:00,0.00,0.156,0.170,0.192,35.41,31.99,30.55,0
2022-06-23 16:00:00,0.00,0.156,0.170,0.192,35.93,32.51,30.69,0
2022-06-23 17:00:00,0.00,0.156,0.171,0.192,36.26,32.93,30.85,0
2022-06-23 18:00:00,0.00,0.156,0.171,0.192,36.30,33.24,31.04,0
2022-06-23 19:00:00,0.00,0.156,0.171,0.193,35.92,33.43,31.22,0
2022-06-23 20:00:00,0.00,0.155,0.171,0.193,35.25,33.45,31.39,0
2022-06-23 21:00:00,0.00,0.154,0.171,0.193,34.50,33.34,31.53,0
2022-06-23 22:00:00,0.00,0.154,0.170,0.193,33.78,33.11,31.63,0
2022-06-23 23:00:00,0.00,0.153,0.170,0.193,33.16,32.86,31.67,0
2022-06-24 00:00:00,0.00,0.152,0.169,0.193,32.60,32.58,31.67,0
2022-06-24 01:00:00,0.00,0.152,0.169,0.193,32.10,32.30,31.66,0
2022-06-24 02:00:00,0.00,0.151,0.169,0.193,31.68,32.03,31.59,0
2022-06-24 03:00:00,0.00,0.151,0.168,0.193,31.29,31.77,31.54,0
2022-06-24 04:00:00,0.00,0.151,0.168,0.193,30.95,31.53,31.44,0
2022-06-24 05:00:00,0.00,0.150,0.168,0.193,30.62,31.30,31.35,0
2022-06-24 06:00:00,0.00,0.150,0.167,0.193,30.29,31.08,31.26,0
2022-06-24 07:00:00,0.00,0.149,0.167,0.193,29.99,30.86,31.15,0
2022-06-24 08:00:00,0.00,0.149,0.167,0.192,29.78,30.65,31.05,0
2022-06-24 09:00:00,0.00,0.149,0.167,0.192,29.73,30.48,30.93,0
2022-06-24 10:00:00,0.00,0.149,0.166,0.192,30.12,30.37,30.83,0
2022-06-24 11:00:00,0.00,0.150,0.167,0.192,31.09,30.41,30.73,0
2022-06-24 12:00:00,0.00,0.151,0.167,0.192,32.43,30.68,30.65,0
2022-06-24 13:00:00,0.00,0.152,0.168,0.192,33.82,31.14,30.62,0
2022-06-24 14:00:00,0.00,0.153,0.168,0.191,35.06,31.70,30.65,0
2022-06-24 15:00:00,0.00,0.154,0.169,0.191,36.08,32.33,30.75,0
2022-06-24 16:00:00,0.00,0.155,0.169,0.191,36.74,32.91,30.90,0
2022-06-24 17:00:00,0.00,0.155,0.170,0.191,37.00,33.38,31.08,0
2022-06-24 18:00:00,0.00,0.155,0.170,0.192,36.86,33.71,31.31,0
2022-06-24 19:00:00,0.00,0.154,0.170,0.192,36.39,33.87,31.50,0
2022-06-24 20:00:00,0.00,0.154,0.170,0.192,35.69,33.85,31.68,0
2022-06-24 21:00:00,0.00,0.153,0.170,0.192,34.89,33.71,31.83,0
2022-06-24 22:00:00,0.00,0.152,0.169,0.192,34.13,33.47,31.92,0
2022-06-24 23:00:00,0.00,0.151,0.169,0.192,33.49,33.20,31.97,0
2022-06-25 00:00:00,0.00,0.151,0.168,0.192,32.98,32.90,31.96,0
2022-06-25 01:00:00,0.00,0.150,0.168,0.192,32.54,32.64,31.95,0
2022-06-25 02:00:00,0.00,0.150,0.168,0.192,32.10,32.37,31.89,0
2022-06-25 03:00:00,0.00,0.150,0.167,0.192,31.66,32.12,31.82,0
2022-06-25 04:00:00,0.00,0.149,0.167,0.192,31.25,31.86,31.75,0
2022-06-25 05:00:00,0.00,0.149,0.167,0.192,30.87,31.60,31.66,0
2022-06-25 06:00:00,0.00,0.148,0.166,0.192,30.52,31.36,31.55,0
2022-06-25 07:00:00,0.00,0.148,0.166,0.192,30.19,31.14,31.44,0
2022-06-25 08:00:00,0.00,0.148,0.166,0.192,29.94,30.90,31.33,0
2022-06-25 09:00:00,0.00,0.147,0.166,0.191,29.78,30.69,31.22,0
2022-06-25 10:00:00,0.00,0.147,0.165,0.191,30.03,30.55,31.08,0
2022-06-25 11:00:00,0.00,0.148,0.165,0.191,30.89,30.54,30.98,0
2022-06-25 12:00:00,0.00,0.149,0.166,0.191,32.15,30.75,30.87,0
2022-06-25 13:00:00,0.00,0.150,0.166,0.191,33.54,31.16,30.84,0
2022-06-25 14:00:00,0.00,0.151,0.167,0.190,34.86,31.72,30.85,0
2022-06-25 15:00:00,0.00,0.152,0.168,0.190,35.91,32.32,30.92,0
2022-06-25 16:00:00,0.00,0.153,0.168,0.190,36.59,32.90,31.06,0
2022-06-25 17:00:00,0.00,0.153,0.169,0.191,36.85,33.37,31.23,8192
2022-06-25 18:00:00,0.00,0.153,0.169,0.191,36.73,33.70,31.42,0
2022-06-25 19:00:00,0.00,0.153,0.169,0.191,36.29,33.84,31.63,0
2022-06-25 20:00:00,0.00,0.152,0.169,0.191,35.58,33.84,31.79,0
2022-06-25 21:00:00,0.00,0.151,0.168,0.191,34.80,33.69,31.92,0
2022-06-25 22:00:00,0.00,0.150,0.168,0.191,34.07,33.47,32.02,0
2022-06-25 23:00:00,0.00,0.150,0.168,0.191,33.44,33.19,32.06,0
2022-06-26 00:00:00,0.00,0.149,0.167,0.191,32.87,32.89,32.06,0
2022-06-26 01:00:00,0.00,0.148,0.167,0.191,32.35,32.61,32.03,0
2022-06-26 02:00:00,0.00,0.148,0.167,0.191,31.89,32.33,31.97,0
2022-06-26 03:00:00,0.00,0.148,0.166,0.191,31.48,32.07,31.90,0
2022-06-26 04:00:00,0.00,0.147,0.166,0.191,31.09,31.81,31.81,0
2022-06-26 05:00:00,0.00,0.147,0.166,0.191,30.68,31.55,31.71,0
2022-06-26 06:00:00,0.00,0.146,0.165,0.191,30.34,31.29,31.61,0
2022-06-26 07:00:00,0.00,0.146,0.165,0.191,30.03,31.06,31.49,0
2022-06-26 08:00:00,0.00,0.146,0.165,0.191,29.82,30.82,31.36,0
2022-06-26 09:00:00,0.00,0.145,0.164,0.191,29.74,30.64,31.25,0
2022-06-26 10:00:00,0.00,0.146,0.164,0.190,30.16,30.52,31.13,0
2022-06-26 11:00:00,0.00,0.147,0.164,0.190,31.18,30.58,31.01,0
2022-06-26 12:00:00,0.00,0.148,0.165,0.190,32.57,30.86,30.93,0
2022-06-26 13:00:00,0.00,0.149,0.165,0.190,34.05,31.34,30.90,0
2022-06-26 14:00:00,0.00,0.150,0.166,0.190,35.30,31.92,30.93,0
2022-06-26 15:00:00,0.00,0.151,0.167,0.189,36.34,32.54,31.02,0
2022-06-26 16:00:00,0.00,0.151,0.167,0.190,36.80,33.13,31.17,0
2022-06-26 17:00:00,0.00,0.151,0.168,0.190,36.95,33.54,31.34,0
2022-06-26 18:00:00,0.00,0.151,0.168,0.190,36.85,33.83,31.57,0
2022-06-26 19:00:00,0.00,0.151,0.168,0.190,36.46,33.97,31.73,0
2022-06-26 20:00:00,0.00,0.150,0.168,0.190,35.78,33.99,31.91,0
2022-06-26 21:00:00,0.00,0.150,0.168,0.190,34.95,33.84,32.04,0
2022-06-26 22:00:00,0.00,0.149,0.167,0.191,34.11,33.61,32.13,0
2022-06-26 23:00:00,0.00,0.148,0.167,0.191,33.42,33.30,32.17,0
2022-06-27 00:00:00,0.00,0.147,0.166,0.191,32.75,32.98,32.17,0
2022-06-27 01:00:00,0.00,0.147,0.166,0.191,32.26,32.66,32.14,0
2022-06-27 02:00:00,0.00,0.146,0.165,0.190,31.92,32.38,32.07,0
2022-06-27 03:00:00,0.00,0.146,0.165,0.190,31.62,32.12,31.99,0
2022-06-27 04:00:00,0.00,0.146,0.165,0.190,31.36,31.91,31.89,0
2022-06-27 05:00:00,0.00,0.145,0.165,0.190,31.09,31.72,31.79,0
2022-06-27 06:00:00,0.00,0.145,0.164,0.190,30.74,31.50,31.69,0
2022-06-27 07:00:00,0.00,0.145,0.164,0.190,30.43,31.28,31.60,0
2022-06-27 08:00:00,0.00,0.144,0.164,0.190,30.33,31.09,31.48,0
2022-06-27 09:00:00,0.00,0.144,0.164,0.190,30.41,30.95,31.38,0
2022-06-27 10:00:00,0.00,0.145,0.164,0.190,30.75,30.87,31.28,0
2022-06-27 11:00:00,0.00,0.145,0.164,0.189,31.55,30.93,31.18,0
2022-06-27 12:00:00,0.00,0.146,0.164,0.189,32.68,31.14,31.13,0
2022-06-27 13:00:00,0.00,0.147,0.165,0.189,33.78,31.54,31.10,0
2022-06-27 14:00:00,0.00,0.148,0.165,0.189,34.70,32.02,31.10,0
2022-06-27 15:00:00,0.00,0.149,0.166,0.189,35.33,32.48,31.19,0
2022-06-27 16:00:00,1.02,0.149,0.166,0.189,35.28,32.88,31.29,0
2022-06-27 17:00:00,4.06,0.148,0.166,0.189,34.71,33.07,31.43,0
2022-06-27 18:00:00,0.00,0.148,0.166,0.189,33.75,33.03,31.54,0
2022-06-27 19:00:00,0.00,0.147,0.166,0.190,32.93,32.80,31.62,0
2022-06-27 20:00:00,0.25,0.147,0.166,0.190,32.25,32.51,31.65,0
2022-06-27 21:00:00,0.25,0.146,0.165,0.190,31.61,32.21,31.66,0
2022-06-27 22:00:00,0.25,0.145,0.165,0.190,31.04,31.89,31.61,0
2022-06-27 23:00:00,1.52,0.145,0.164,0.190,30.63,31.58,31.54,0
2022-06-28 00:00:00,0.51,0.145,0.164,0.190,30.22,31.29,31.45,0
2022-06-28 01:00:00,0.00,0.145,0.164,0.190,29.82,31.01,31.35,0
2022-06-28 02:00:00,0.00,0.144,0.163,0.189,29.46,30.73,31.24,0
2022-06-28 03:00:00,0.00,0.144,0.163,0.189,29.11,30.47,31.11,0
2022-06-28 04:00:00,0.00,0.144,0.163,0.189,28.81,30.22,30.99,0
2022-06-28 05:00:00,0.25,0.144,0.162,0.189,28.51,29.99,30.84,0
2022-06-28 06:00:00,0.00,0.144,0.162,0.189,28.21,29.76,30.73,0
2022-06-28 07:00:00,0.00,0.143,0.162,0.189,28.00,29.53,30.59,0
2022-06-28 08:00:00,0.00,0.143,0.162,0.189,27.90,29.35,30.45,0
2022-06-28 09:00:00,0.00,0.143,0.162,0.189,27.85,29.18,30.31,0
2022-06-28 10:00:00,0.00,0.144,0.162,0.188,27.91,29.07,30.19,0
2022-06-28 11:00:00,0.00,0.144,0.162,0.188,28.27,29.02,30.06,0
2022-06-28 12:00:00,0.00,0.145,0.162,0.188,29.06,29.08,29.96,0
2022-06-28 13:00:00,0.00,0.146,0.162,0.188,29.90,29.32,29.87,0
2022-06-28 14:00:00,0.00,0.147,0.163,0.188,30.91,29.66,29.82,0
2022-06-28 15:00:00,0.00,0.148,0.164,0.188,31.90,30.11,29.84,0
2022-06-28 16:00:00,0.00,0.149,0.164,0.188,32.40,30.57,29.87,0
2022-06-28 17:00:00,0.00,0.149,0.165,0.188,32.42,30.92,29.96,0
2022-06-28 18:00:00,0.00,0.149,0.165,0.188,32.00,31.09,30.07,0
2022-06-28 19:00:00,0.00,0.149,0.165,0.188,31.69,31.09,30.17,0
2022-06-28 20:00:00,0.00,0.148,0.165,0.189,31.22,31.03,30.24,0
2022-06-28 21:00:00,0.00,0.148,0.164,0.189,30.67,30.88,30.29,0
2022-06-28 22:00:00,0.00,0.147,0.164,0.189,30.07,30.65,30.31,0
2022-06-28 23:00:00,0.00,0.147,0.164,0.189,29.49,30.39,30.30,0
2022-06-29 00:00:00,0.00,0.146,0.163,0.189,28.93,30.11,30.27,0
2022-06-29 01:00:00,0.00,0.146,0.163,0.189,28.43,29.81,30.20,0
2022-06-29 02:00:00,0.00,0.146,0.163,0.189,27.96,29.52,30.11,0
2022-06-29 03:00:00,0.00,0.145,0.162,0.188,27.55,29.24,30.01,0
2022-06-29 04:00:00,0.00,0.145,0.162,0.188,27.14,28.95,29.90,0
2022-06-29 05:00:00,0.00,0.145,0.162,0.188,26.80,28.67,29.76,0
2022-06-29 06:00:00,0.00,0.145,0.161,0.188,26.54,28.42,29.63,0
2022-06-29 07:00:00,0.00,0.144,0.161,0.188,26.29,28.19,29.50,0
2022-06-29 08:00:00,0.00,0.144,0.161,0.188,26.20,27.97,29.35,0
2022-06-29 09:00:00,0.00,0.144,0.161,0.188,26.25,27.81,29.21,0
2022-06-29 10:00:00,0.00,0.145,0.161,0.187,26.59,27.72,29.09,0
2022-06-29 11:00:00,0.00,0.146,0.161,0.187,27.43,27.77,28.96,0
2022-06-29 12:00:00,0.00,0.147,0.161,0.187,28.48,27.99,28.86,0
2022-06-29 13:00:00,0.00,0.148,0.162,0.187,29.52,28.37,28.81,0
2022-06-29 14:00:00,0.00,0.149,0.163,0.187,30.57,28.83,28.81,0
2022-06-29 15:00:00,0.00,0.150,0.164,0.187,31.53,29.36,28.86,0
2022-06-29 16:00:00,0.00,0.151,0.165,0.187,32.22,29.88,28.93,0
2022-06-29 17:00:00,0.00,0.152,0.165,0.187,32.53,30.32,29.06,0
2022-06-29 18:00:00,0.00,0.152,0.165,0.188,32.42,30.63,29.21,0
2022-06-29 19:00:00,0.00,0.151,0.166,0.188,32.09,30.77,29.36,0
2022-06-29 20:00:00,0.00,0.151,0.165,0.188,31.54,30.77,29.50,0
2022-06-29 21:00:00,0.00,0.150,0.165,0.188,30.84,30.66,29.60,0
2022-06-29 22:00:00,0.00,0.150,0.165,0.188,30.14,30.44,29.68,0
2022-06-29 23:00:00,0.00,0.149,0.165,0.188,29.53,30.18,29.71,0
2022-06-30 00:00:00,0.00,0.149,0.164,0.188,28.94,29.89,29.70,0
2022-06-30 01:00:00,0.00,0.148,0.164,0.188,28.44,29.59,29.67,0
2022-06-30 02:00:00,0.00,0.148,0.163,0.188,28.03,29.31,29.60,0
2022-06-30 03:00:00,0.00,0.148,0.163,0.188,27.69,29.03,29.53,0
2022-06-30 04:00:00,0.00,0.148,0.163,0.188,27.43,28.80,29.43,0
2022-06-30 05:00:00,0.00,0.147,0.163,0.188,27.17,28.58,29.32,0
2022-06-30 06:00:00,0.00,0.147,0.162,0.188,26.95,28.37,29.21,0
2022-06-30 07:00:00,0.00,0.147,0.162,0.188,26.75,28.20,29.11,0
2022-06-30 08:00:00,0.00,0.147,0.162,0.188,26.64,28.02,29.00,0
2022-06-30 09:00:00,0.00,0.147,0.162,0.187,26.67,27.89,28.90,0
2022-06-30 10:00:00,0.00,0.147,0.162,0.187,27.09,27.83,28.80,0
2022-06-30 11:00:00,0.00,0.148,0.162,0.187,28.08,27.91,28.71,0
2022-06-30 12:00:00,0.00,0.150,0.163,0.187,29.33,28.21,28.65,0
2022-06-30 13:00:00,0.00,0.151,0.163,0.187,30.52,28.66,28.63,0
2022-06-30 14:00:00,0.00,0.152,0.164,0.187,31.51,29.19,28.65,0
2022-06-30 15:00:00,0.00,0.153,0.165,0.187,32.11,29.70,28.75,0
2022-06-30 16:00:00,0.00,0.153,0.166,0.187,32.58,30.15,28.88,0
2022-06-30 17:00:00,0.00,0.154,0.166,0.188,32.92,30.52,29.02,0
2022-06-30 18:00:00,0.00,0.154,0.166,0.188,32.90,30.80,29.19,0
2022-06-30 19:00:00,0.00,0.154,0.166,0.188,32.66,30.97,29.35,0
2022-06-30 20:00:00,0.00,0.153,0.166,0.188,32.12,31.01,29.49,0
2022-06-30 21:00:00,0.00,0.153,0.166,0.188,31.47,30.90,29.62,0
2022-06-30 22:00:00,0.00,0.152,0.166,0.188,30.89,30.72,29.70,0
2022-06-30 23:00:00,0.00,0.152,0.166,0.188,30.37,30.51,29.74,0
2022-07-01 00:00:00,0.00,0.151,0.165,0.188,29.92,30.28,29.77,0
2022-07-01 01:00:00,0.00,0.151,0.165,0.189,29.54,30.05,29.75,0
2022-07-01 02:00:00,0.00,0.151,0.165,0.188,29.18,29.83,29.72,0
2022-07-01 03:00:00,0.00,0.150,0.165,0.188,28.84,29.61,29.67,0
2022-07-01 04:00:00,0.00,0.150,0.164,0.188,28.53,29.41,29.60,0
2022-07-01 05:00:00,0.00,0.150,0.164,0.188,28.25,29.20,29.53,0
2022-07-01 06:00:00,0.00,0.150,0.164,0.188,28.00,29.01,29.45,0
2022-07-01 07:00:00,0.00,0.150,0.164,0.188,27.79,28.83,29.36,0
2022-07-01 08:00:00,0.00,0.150,0.164,0.188,27.63,28.66,29.28,0
2022-07-01 09:00:00,0.00,0.149,0.163,0.188,27.59,28.51,29.18,8192
2022-07-01 10:00:00,0.00,0.150,0.163,0.188,27.94,28.43,29.09,8192
2022-07-01 11:00:00,0.00,0.151,0.164,0.188,28.87,28.50,29.02,0
2022-07-01 12:00:00,0.00,0.152,0.164,0.188,30.15,28.77,28.95,0
2022-07-01 13:00:00,0.00,0.153,0.165,0.188,31.35,29.22,28.94,0
2022-07-01 14:00:00,0.00,0.154,0.166,0.188,32.35,29.73,28.98,0
2022-07-01 15:00:00,0.00,0.155,0.166,0.188,33.36,30.29,29.07,0
2022-07-01 16:00:00,0.00,0.156,0.167,0.188,33.95,30.84,29.21,0
2022-07-01 17:00:00,0.00,0.156,0.168,0.188,34.25,31.29,29.38,0
2022-07-01 18:00:00,0.00,0.156,0.168,0.188,34.20,31.62,29.57,0
2022-07-01 19:00:00,0.00,0.156,0.168,0.189,33.81,31.78,29.75,0
2022-07-01 20:00:00,0.00,0.156,0.168,0.189,33.21,31.80,29.94,0
2022-07-01 21:00:00,0.00,0.155,0.168,0.189,32.57,31.69,30.07,0
2022-07-01 22:00:00,0.00,0.155,0.168,0.189,31.95,31.51,30.18,0
2022-07-01 23:00:00,0.00,0.154,0.167,0.189,31.41,31.29,30.23,0
2022-07-02 00:00:00,0.00,0.154,0.167,0.189,30.94,31.05,30.25,0
2022-07-02 01:00:00,0.00,0.153,0.167,0.189,30.54,30.81,30.25,0
2022-07-02 02:00:00,0.00,0.153,0.166,0.189,30.20,30.60,30.21,0
2022-07-02 03:00:00,0.00,0.153,0.166,0.189,29.88,30.38,30.17,0
2022-07-02 04:00:00,0.00,0.152,0.166,0.189,29.59,30.19,30.11,0
2022-07-02 05:00:00,0.00,0.152,0.166,0.189,29.29,30.00,30.06,0
2022-07-02 06:00:00,0.00,0.152,0.165,0.189,29.03,29.80,29.98,0
2022-07-02 07:00:00,0.00,0.152,0.165,0.189,28.78,29.63,29.90,0
2022-07-02 08:00:00,0.00,0.151,0.165,0.189,28.62,29.46,29.82,0
2022-07-02 09:00:00,0.00,0.151,0.165,0.189,28.57,29.30,29.73,0
2022-07-02 10:00:00,0.00,0.152,0.165,0.189,28.89,29.21,29.64,0
2022-07-02 11:00:00,0.00,0.152,0.165,0.189,29.73,29.26,29.57,0
2022-07-02 12:00:00,0.00,0.153,0.165,0.189,30.91,29.49,29.52,0
2022-07-02 13:00:00,0.00,0.154,0.166,0.189,32.08,29.91,29.50,0
2022-07-02 14:00:00,0.00,0.155,0.166,0.189,32.83,30.38,29.54,0
2022-07-02 15:00:00,0.00,0.156,0.167,0.189,33.84,30.85,29.62,0
2022-07-02 16:00:00,0.00,0.157,0.168,0.189,34.49,31.35,29.75,0
2022-07-02 17:00:00,0.00,0.157,0.168,0.189,34.67,31.76,29.90,0
2022-07-02 18:00:00,0.00,0.157,0.168,0.189,34.28,32.01,30.09,0
2022-07-02 19:00:00,0.00,0.156,0.168,0.189,33.78,32.08,30.26,0
2022-07-02 20:00:00,0.00,0.156,0.168,0.190,33.18,32.02,30.41,0
2022-07-02 21:00:00,0.00,0.155,0.168,0.190,32.59,31.88,30.51,0
2022-07-02 22:00:00,0.00,0.155,0.168,0.190,32.07,31.68,30.58,0
2022-07-02 23:00:00,0.00,0.154,0.167,0.190,31.62,31.48,30.60,0
2022-07-03 00:00:00,0.00,0.154,0.167,0.190,31.23,31.26,30.60,0
2022-07-03 01:00:00,0.00,0.154,0.167,0.190,30.87,31.06,30.59,0
2022-07-03 02:00:00,0.00,0.153,0.167,0.190,30.55,30.86,30.56,0
2022-07-03 03:00:00,0.00,0.153,0.166,0.190,30.26,30.67,30.50,0
2022-07-03 04:00:00,0.00,0.153,0.166,0.190,30.00,30.48,30.44,0
2022-07-03 05:00:00,0.00,0.152,0.166,0.190,29.71,30.30,30.37,0
2022-07-03 06:00:00,0.00,0.152,0.166,0.190,29.43,30.13,30.30,0
2022-07-03 07:00:00,0.00,0.152,0.165,0.189,29.21,29.95,30.22,0
2022-07-03 08:00:00,0.00,0.152,0.165,0.189,29.08,29.79,30.14,0
2022-07-03 09:00:00,0.00,0.152,0.165,0.189,29.10,29.66,30.04,0
2022-07-03 10:00:00,0.00,0.152,0.165,0.189,29.31,29.59,29.97,0
2022-07-03 11:00:00,0.00,0.152,0.165,0.189,29.67,29.60,29.89,0
2022-07-03 12:00:00,0.00,0.153,0.165,0.189,30.51,29.69,29.84,0
2022-07-03 13:00:00,0.00,0.154,0.166,0.189,31.71,29.99,29.80,0
2022-07-03 14:00:00,0.00,0.155,0.166,0.189,32.76,30.41,29.81,0
2022-07-03 15:00:00,0.00,0.156,0.167,0.189,33.80,30.91,29.86,0
2022-07-03 16:00:00,0.00,0.156,0.168,0.189,34.43,31.41,29.96,0
2022-07-03 17:00:00,0.00,0.157,0.168,0.189,34.61,31.82,30.11,0
2022-07-03 18:00:00,0.00,0.156,0.168,0.189,34.50,32.09,30.28,0
2022-07-03 19:00:00,0.00,0.156,0.168,0.189,34.17,32.22,30.44,0
2022-07-03 20:00:00,0.00,0.156,0.168,0.190,33.61,32.24,30.59,0
2022-07-03 21:00:00,0.00,0.155,0.168,0.190,32.96,32.11,30.70,0
2022-07-03 22:00:00,0.00,0.154,0.168,0.190,32.39,31.93,30.78,0
2022-07-03 23:00:00,0.00,0.154,0.167,0.190,31.91,31.72,30.82,0
2022-07-04 00:00:00,0.00,0.154,0.167,0.190,31.45,31.50,30.82,0
2022-07-04 01:00:00,0.00,0.153,0.167,0.190,31.03,31.27,30.81,0
2022-07-04 02:00:00,0.00,0.153,0.166,0.190,30.65,31.05,30.77,0
2022-07-04 03:00:00,0.00,0.152,0.166,0.190,30.30,30.83,30.71,0
2022-07-04 04:00:00,0.00,0.152,0.166,0.190,29.95,30.61,30.63,0
2022-07-04 05:00:00,0.00,0.152,0.166,0.190,29.61,30.40,30.57,0
2022-07-04 06:00:00,0.00,0.151,0.165,0.190,29.29,30.19,30.48,0
2022-07-04 07:00:00,0.00,0.151,0.165,0.189,29.02,29.97,30.39,0
2022-07-04 08:00:00,0.00,0.151,0.165,0.189,28.79,29.78,30.29,0
2022-07-04 09:00:00,0.00,0.151,0.165,0.189,28.67,29.60,30.18,0
2022-07-04 10:00:00,0.00,0.151,0.164,0.189,28.92,29.48,30.07,0
2022-07-04 11:00:00,0.00,0.151,0.164,0.189,29.67,29.47,29.98,0
2022-07-04 12:00:00,0.00,0.152,0.165,0.189,30.79,29.67,29.91,0
2022-07-04 13:00:00,0.00,0.153,0.165,0.189,32.03,30.03,29.87,0
2022-07-04 14:00:00,0.00,0.155,0.166,0.189,33.27,30.54,29.88,0
2022-07-04 15:00:00,0.00,0.156,0.167,0.189,34.31,31.12,29.95,0
2022-07-04 16:00:00,0.00,0.156,0.167,0.189,35.01,31.68,30.08,0
2022-07-04 17:00:00,0.00,0.156,0.168,0.189,35.31,32.15,30.24,0
2022-07-04 18:00:00,0.00,0.156,0.168,0.189,35.23,32.48,30.44,0
2022-07-04 19:00:00,0.00,0.156,0.168,0.189,34.84,32.64,30.62,0
2022-07-04 20:00:00,0.00,0.155,0.168,0.189,34.22,32.65,30.79,0
2022-07-04 21:00:00,0.00,0.155,0.168,0.190,33.52,32.54,30.94,0
2022-07-04 22:00:00,0.00,0.154,0.167,0.190,32.91,32.34,31.02,0
2022-07-04 23:00:00,0.00,0.154,0.167,0.190,32.40,32.11,31.07,0
2022-07-05 00:00:00,0.00,0.153,0.167,0.190,31.98,31.89,31.10,0
2022-07-05 01:00:00,0.00,0.153,0.167,0.190,31.55,31.68,31.08,0
2022-07-05 02:00:00,0.00,0.152,0.166,0.190,31.16,31.45,31.05,0
2022-07-05 03:00:00,0.00,0.152,0.166,0.190,30.83,31.24,31.00,0
2022-07-05 04:00:00,0.00,0.152,0.166,0.190,30.49,31.02,30.93,0
2022-07-05 05:00:00,0.00,0.151,0.165,0.190,30.13,30.82,30.85,0
2022-07-05 06:00:00,0.00,0.151,0.165,0.189,29.79,30.59,30.78,0
2022-07-05 07:00:00,0.00,0.150,0.165,0.189,29.49,30.38,30.69,0
2022-07-05 08:00:00,0.00,0.150,0.165,0.189,29.27,30.17,30.59,0
2022-07-05 09:00:00,0.00,0.150,0.164,0.189,29.17,30.00,30.50,0
2022-07-05 10:00:00,0.00,0.150,0.164,0.189,29.46,29.88,30.39,0
2022-07-05 11:00:00,0.00,0.151,0.164,0.189,30.21,29.91,30.31,0
2022-07-05 12:00:00,0.00,0.152,0.165,0.189,31.30,30.09,30.23,0
2022-07-05 13:00:00,0.00,0.153,0.165,0.189,32.62,30.47,30.19,0
2022-07-05 14:00:00,0.00,0.154,0.166,0.188,33.91,31.00,30.22,0
2022-07-05 15:00:00,0.00,0.155,0.167,0.188,35.01,31.60,30.28,0
2022-07-05 16:00:00,0.00,0.156,0.167,0.189,35.78,32.18,30.43,0
2022-07-05 17:00:00,0.00,0.156,0.168,0.189,36.11,32.68,30.60,0
2022-07-05 18:00:00,0.00,0.156,0.168,0.189,36.01,33.03,30.80,0
2022-07-05 19:00:00,0.00,0.155,0.168,0.189,35.63,33.21,31.00,0
2022-07-05 20:00:00,0.00,0.155,0.168,0.189,35.01,33.23,31.19,0
2022-07-05 21:00:00,0.00,0.154,0.168,0.190,34.28,33.12,31.33,0
2022-07-05 22:00:00,0.00,0.153,0.168,0.190,33.60,32.91,31.44,0
2022-07-05 23:00:00,0.00,0.153,0.167,0.190,33.01,32.68,31.49,0
2022-07-06 00:00:00,0.00,0.152,0.167,0.190,32.53,32.43,31.50,0
2022-07-06 01:00:00,0.00,0.152,0.166,0.190,32.11,32.17,31.50,0
2022-07-06 02:00:00,0.00,0.151,0.166,0.190,31.70,31.95,31.47,0
2022-07-06 03:00:00,0.00,0.151,0.166,0.190,31.33,31.72,31.41,0
2022-07-06 04:00:00,0.00,0.151,0.166,0.190,30.95,31.48,31.35,0
2022-07-06 05:00:00,0.00,0.150,0.165,0.190,30.61,31.27,31.26,0
2022-07-06 06:00:00,0.00,0.150,0.165,0.190,30.28,31.04,31.19,0
2022-07-06 07:00:00,0.00,0.150,0.165,0.189,29.98,30.83,31.09,0
2022-07-06 08:00:00,0.00,0.149,0.165,0.189,29.74,30.62,30.99,0
2022-07-06 09:00:00,0.00,0.149,0.164,0.189,29.61,30.44,30.89,0
2022-07-06 10:00:00,0.00,0.149,0.164,0.189,29.85,30.31,30.78,0
2022-07-06 11:00:00,0.00,0.150,0.164,0.189,30.67,30.30,30.69,0
2022-07-06 12:00:00,0.00,0.151,0.165,0.189,31.94,30.52,30.62,0
2022-07-06 13:00:00,0.00,0.152,0.165,0.189,33.39,30.94,30.58,0
2022-07-06 14:00:00,0.00,0.153,0.166,0.188,34.73,31.52,30.59,0
2022-07-06 15:00:00,0.00,0.154,0.167,0.188,35.80,32.16,30.68,0
2022-07-06 16:00:00,0.00,0.155,0.167,0.189,36.51,32.77,30.83,0
2022-07-06 17:00:00,0.00,0.155,0.168,0.189,36.88,33.26,31.01,0
2022-07-06 18:00:00,0.00,0.155,0.168,0.189,36.78,33.63,31.23,0
2022-07-06 19:00:00,0.00,0.155,0.168,0.189,36.34,33.79,31.44,0
2022-07-06 20:00:00,0.00,0.154,0.168,0.189,35.65,33.81,31.62,0
2022-07-06 21:00:00,0.00,0.153,0.168,0.190,34.91,33.68,31.78,0
2022-07-06 22:00:00,0.00,0.153,0.167,0.190,34.19,33.46,31.88,0
2022-07-06 23:00:00,0.00,0.152,0.167,0.190,33.59,33.21,31.95,0
2022-07-07 00:00:00,0.00,0.151,0.167,0.190,33.08,32.95,31.95,0
2022-07-07 01:00:00,0.00,0.151,0.166,0.190,32.64,32.69,31.95,0
2022-07-07 02:00:00,0.00,0.150,0.166,0.190,32.22,32.44,31.91,0
2022-07-07 03:00:00,0.00,0.150,0.166,0.190,31.84,32.21,31.84,0
2022-07-07 04:00:00,0.00,0.150,0.165,0.190,31.46,31.98,31.79,0
2022-07-07 05:00:00,0.00,0.149,0.165,0.190,31.10,31.74,31.70,0
2022-07-07 06:00:00,0.00,0.149,0.165,0.189,30.77,31.51,31.62,0
2022-07-07 07:00:00,0.00,0.148,0.164,0.189,30.46,31.28,31.52,0
2022-07-07 08:00:00,0.00,0.148,0.164,0.189,30.20,31.08,31.42,0
2022-07-07 09:00:00,0.00,0.148,0.164,0.189,30.17,30.89,31.31,0
2022-07-07 10:00:00,0.00,0.148,0.164,0.189,30.46,30.79,31.21,0
2022-07-07 11:00:00,0.00,0.149,0.164,0.189,31.04,30.78,31.10,0
2022-07-07 12:00:00,0.00,0.150,0.164,0.189,32.23,30.95,31.03,0
2022-07-07 13:00:00,0.00,0.151,0.165,0.188,33.63,31.34,31.00,0
2022-07-07 14:00:00,0.00,0.152,0.166,0.188,34.98,31.89,31.01,0
2022-07-07 15:00:00,0.00,0.153,0.166,0.188,36.16,32.50,31.08,0
2022-07-07 16:00:00,0.00,0.154,0.167,0.188,36.98,33.12,31.22,0
2022-07-07 17:00:00,0.00,0.154,0.167,0.189,37.36,33.64,31.41,0
2022-07-07 18:00:00,0.00,0.154,0.168,0.189,37.30,34.01,31.61,0
2022-07-07 19:00:00,0.00,0.153,0.168,0.189,36.86,34.21,31.83,0
2022-07-07 20:00:00,0.00,0.153,0.168,0.189,36.16,34.22,32.02,0
2022-07-07 21:00:00,0.00,0.152,0.167,0.190,35.33,34.10,32.17,0
2022-07-07 22:00:00,0.00,0.151,0.167,0.190,34.57,33.86,32.28,0
2022-07-07 23:00:00,0.00,0.150,0.167,0.190,33.90,33.58,32.33,0
2022-07-08 00:00:00,0.00,0.150,0.166,0.190,33.35,33.29,32.34,0
2022-07-08 01:00:00,0.00,0.149,0.166,0.190,32.91,33.02,32.32,0
2022-07-08 02:00:00,0.00,0.149,0.166,0.190,32.54,32.76,32.27,0
2022-07-08 03:00:00,0.00,0.149,0.165,0.190,32.18,32.52,32.20,0
2022-07-08 04:00:00,0.00,0.148,0.165,0.189,31.85,32.30,32.13,0
2022-07-08 05:00:00,0.00,0.148,0.165,0.189,31.51,32.08,32.04,0
2022-07-08 06:00:00,0.00,0.147,0.164,0.189,31.19,31.86,31.95,0
2022-07-08 07:00:00,0.00,0.147,0.164,0.189,30.89,31.65,31.86,0
2022-07-08 08:00:00,0.00,0.147,0.164,0.189,30.65,31.45,31.77,0
2022-07-08 09:00:00,0.00,0.147,0.164,0.189,30.52,31.26,31.66,0
2022-07-08 10:00:00,0.00,0.147,0.163,0.189,30.76,31.13,31.54,0
2022-07-08 11:00:00,0.00,0.147,0.164,0.189,31.58,31.13,31.45,0
2022-07-08 12:00:00,0.00,0.148,0.164,0.188,32.81,31.35,31.37,0
2022-07-08 13:00:00,0.00,0.149,0.164,0.188,34.14,31.75,31.33,0
2022-07-08 14:00:00,0.00,0.151,0.165,0.188,35.59,32.30,31.35,0
2022-07-08 15:00:00,0.00,0.152,0.166,0.188,36.72,32.96,31.43,0
2022-07-08 16:00:00,0.00,0.152,0.167,0.188,37.37,33.56,31.57,0
2022-07-08 17:00:00,0.00,0.152,0.167,0.189,37.57,34.03,31.76,0
2022-07-08 18:00:00,0.00,0.152,0.167,0.189,37.47,34.35,31.97,0
2022-07-08 19:00:00,0.00,0.152,0.167,0.189,36.95,34.51,32.16,0
2022-07-08 20:00:00,0.00,0.151,0.167,0.189,36.27,34.48,32.34,0
2022-07-08 21:00:00,0.00,0.150,0.167,0.189,35.55,34.35,32.49,0
2022-07-08 22:00:00,0.00,0.150,0.167,0.189,34.88,34.14,32.58,0
2022-07-08 23:00:00,0.00,0.149,0.166,0.190,34.30,33.89,32.60,0
2022-07-09 00:00:00,0.00,0.149,0.166,0.190,33.79,33.63,32.64,0
2022-07-09 01:00:00,0.00,0.148,0.165,0.190,33.35,33.38,32.62,0
2022-07-09 02:00:00,0.00,0.148,0.165,0.189,32.94,33.13,32.57,0
2022-07-09 03:00:00,0.00,0.147,0.165,0.189,32.58,32.90,32.51,0
2022-07-09 04:00:00,0.00,0.147,0.164,0.189,32.23,32.66,32.44,0
2022-07-09 05:00:00,0.00,0.146,0.164,0.189,31.88,32.45,32.36,0
2022-07-09 06:00:00,0.00,0.146,0.164,0.189,31.56,32.21,32.28,0
2022-07-09 07:00:00,0.00,0.146,0.164,0.189,31.29,32.00,32.18,0
2022-07-09 08:00:00,0.00,0.145,0.163,0.189,31.09,31.82,32.07,0
2022-07-09 09:00:00,0.00,0.145,0.163,0.189,31.01,31.64,31.98,0
2022-07-09 10:00:00,0.00,0.145,0.163,0.189,31.33,31.53,31.88,0
2022-07-09 11:00:00,0.00,0.146,0.163,0.188,32.20,31.57,31.78,0
2022-07-09 12:00:00,0.00,0.147,0.164,0.188,33.53,31.82,31.71,0
2022-07-09 13:00:00,0.00,0.148,0.164,0.188,34.92,32.27,31.68,0
2022-07-09 14:00:00,0.00,0.149,0.165,0.188,36.12,32.83,31.73,0
2022-07-09 15:00:00,0.00,0.150,0.166,0.188,37.20,33.44,31.81,0
2022-07-09 16:00:00,0.00,0.151,0.166,0.188,37.74,33.99,31.96,0
2022-07-09 17:00:00,0.00,0.151,0.167,0.188,38.16,34.46,32.14,0
2022-07-09 18:00:00,0.00,0.151,0.167,0.189,38.12,34.82,32.34,0
2022-07-09 19:00:00,0.00,0.151,0.167,0.189,37.51,34.99,32.55,0
2022-07-09 20:00:00,0.00,0.150,0.167,0.189,36.71,34.96,32.74,0
2022-07-09 21:00:00,0.00,0.149,0.166,0.189,35.96,34.80,32.88,0
2022-07-09 22:00:00,0.00,0.148,0.166,0.189,35.25,34.57,32.96,0
2022-07-09 23:00:00,0.00,0.148,0.166,0.189,34.55,34.29,33.01,0
2022-07-10 00:00:00,0.00,0.147,0.165,0.189,33.90,33.97,33.00,0
2022-07-10 01:00:00,0.00,0.146,0.165,0.189,33.37,33.67,32.98,0
2022-07-10 02:00:00,0.00,0.146,0.164,0.189,32.90,33.37,32.92,0
2022-07-10 03:00:00,0.00,0.145,0.164,0.189,32.50,33.09,32.84,0
2022-07-10 04:00:00,0.00,0.145,0.164,0.189,32.16,32.83,32.75,0
2022-07-10 05:00:00,0.00,0.145,0.163,0.189,31.84,32.57,32.65,0
2022-07-10 06:00:00,0.00,0.144,0.163,0.189,31.57,32.35,32.53,0
2022-07-10 07:00:00,0.00,0.144,0.163,0.189,31.32,32.14,32.43,0
2022-07-10 08:00:00,0.00,0.144,0.163,0.189,31.17,31.94,32.32,0
2022-07-10 09:00:00,0.00,0.144,0.162,0.189,31.17,31.79,32.21,0
2022-07-10 10:00:00,0.00,0.144,0.162,0.188,31.54,31.70,32.10,0
2022-07-10 11:00:00,0.00,0.145,0.162,0.188,32.40,31.76,32.00,0
2022-07-10 12:00:00,0.00,0.146,0.163,0.188,33.59,32.00,31.94,0
2022-07-10 13:00:00,0.00,0.147,0.164,0.188,34.92,32.43,31.91,0
2022-07-10 14:00:00,0.00,0.148,0.164,0.188,35.94,32.98,31.94,0
2022-07-10 15:00:00,0.00,0.148,0.165,0.188,36.79,33.52,32.02,0
2022-07-10 16:00:00,0.00,0.149,0.165,0.188,37.13,34.01,32.14,0
2022-07-10 17:00:00,0.00,0.149,0.166,0.188,37.41,34.37,32.30,0
2022-07-10 18:00:00,0.00,0.149,0.166,0.188,37.37,34.65,32.48,0
2022-07-10 19:00:00,0.00,0.148,0.166,0.189,36.86,34.79,32.64,0
2022-07-10 20:00:00,0.00,0.148,0.166,0.189,36.21,34.76,32.79,0
2022-07-10 21:00:00,0.00,0.147,0.166,0.189,35.48,34.61,32.90,0
2022-07-10 22:00:00,0.00,0.146,0.165,0.189,34.82,34.37,32.98,0
2022-07-10 23:00:00,0.00,0.146,0.165,0.189,34.20,34.12,33.00,0
2022-07-11 00:00:00,0.00,0.145,0.164,0.189,33.62,33.83,32.99,0
2022-07-11 01:00:00,0.00,0.144,0.164,0.189,33.11,33.55,32.95,0
2022-07-11 02:00:00,0.00,0.144,0.163,0.189,32.64,33.26,32.90,0
2022-07-11 03:00:00,0.00,0.143,0.163,0.189,32.22,32.97,32.81,0
2022-07-11 04:00:00,0.00,0.143,0.163,0.189,31.92,32.70,32.73,0
2022-07-11 05:00:00,0.00,0.143,0.162,0.189,31.69,32.47,32.64,0
2022-07-11 06:00:00,0.00,0.143,0.162,0.188,31.47,32.27,32.52,0
2022-07-11 07:00:00,0.00,0.142,0.162,0.188,31.26,32.08,32.41,0
2022-07-11 08:00:00,0.00,0.142,0.162,0.188,31.13,31.92,32.31,0
2022-07-11 09:00:00,0.00,0.142,0.161,0.188,31.15,31.77,32.21,0
2022-07-11 10:00:00,0.00,0.142,0.161,0.188,31.53,31.70,32.11,0
2022-07-11 11:00:00,0.00,0.143,0.162,0.188,32.40,31.76,32.02,0
2022-07-11 12:00:00,0.00,0.144,0.162,0.188,33.63,32.02,31.98,0
2022-07-11 13:00:00,0.00,0.145,0.163,0.188,34.55,32.44,31.93,0
2022-07-11 14:00:00,0.00,0.146,0.163,0.187,35.44,32.88,31.97,0
2022-07-11 15:00:00,0.00,0.146,0.164,0.187,36.43,33.37,32.04,0
2022-07-11 16:00:00,0.00,0.147,0.164,0.188,36.99,33.87,32.15,0
2022-07-11 17:00:00,0.00,0.147,0.165,0.188,37.20,34.25,32.30,0
2022-07-11 18:00:00,0.00,0.147,0.165,0.188,37.50,34.55,32.47,8192
2022-07-11 19:00:00,0.00,0.147,0.165,0.188,37.28,34.76,32.63,0
2022-07-11 20:00:00,0.00,0.146,0.165,0.188,36.78,34.83,32.80,0
2022-07-11 21:00:00,0.00,0.146,0.165,0.188,36.07,34.76,32.95,0
2022-07-11 22:00:00,0.00,0.145,0.164,0.188,35.33,34.57,33.03,0
2022-07-11 23:00:00,0.00,0.144,0.164,0.188,34.67,34.32,33.10,0
2022-07-12 00:00:00,0.00,0.144,0.164,0.189,34.20,34.06,33.11,0
2022-07-12 01:00:00,0.00,0.143,0.163,0.188,33.83,33.82,33.09,0
2022-07-12 02:00:00,0.00,0.143,0.163,0.188,33.47,33.60,33.05,0
2022-07-12 03:00:00,0.00,0.143,0.163,0.188,33.16,33.37,33.00,0
2022-07-12 04:00:00,0.00,0.142,0.162,0.188,32.87,33.18,32.92,0
2022-07-12 05:00:00,0.00,0.142,0.162,0.188,32.59,32.98,32.84,0
2022-07-12 06:00:00,0.00,0.142,0.162,0.188,32.29,32.79,32.77,0
2022-07-12 07:00:00,0.00,0.141,0.162,0.188,32.02,32.60,32.69,0
2022-07-12 08:00:00,0.00,0.141,0.161,0.188,31.89,32.42,32.60,0
2022-07-12 09:00:00,0.00,0.141,0.161,0.188,31.95,32.28,32.50,0
