Station 1
AMSR vs SWC_5:
 Max Distance  Mean Difference  Median Difference  Standard Deviation  Count
            5              NaN                NaN                 NaN      0
           10         0.016112           0.016749            0.057092    124
           15         0.016623           0.016145            0.048790   1039
           20         0.016572           0.016194            0.048850   1046
           25         0.016398           0.016145            0.048783   1057
           30         0.016541           0.016194            0.048857   1064
           35         0.016468           0.016194            0.048911   1066
           40         0.016170           0.016194            0.049013   1084
           45         0.015641           0.015803            0.049186   1104
           50         0.015850           0.016145            0.049196   1119
           55         0.015758           0.016116            0.049271   1120
           60         0.015638           0.016067            0.049315   1122
           65         0.015547           0.016047            0.049388   1123
           70         0.015547           0.016047            0.049388   1123
           75         0.015462           0.016047            0.049451   1125
           80         0.014816           0.015645            0.049757   1137
           85         0.014740           0.015628            0.049833   1143
           90         0.014900           0.015684            0.049772   1158
           95         0.014519           0.015612            0.049711   1182
          100         0.013951           0.014916            0.049880   1207
          105         0.013470           0.014011            0.050014   1223
          110         0.013309           0.013828            0.049935   1231
          115         0.013173           0.013770            0.049985   1235
          120         0.013133           0.013770            0.050009   1239
          125         0.013133           0.013770            0.050009   1239
          130         0.013133           0.013770            0.050009   1239
          135         0.013133           0.013770            0.050009   1239
          140         0.013133           0.013770            0.050009   1239
          145         0.013133           0.013770            0.050009   1239
          150         0.013133           0.013770            0.050009   1239
          155         0.013133           0.013770            0.050009   1239
          160         0.013133           0.013770            0.050009   1239
          165         0.013133           0.013770            0.050009   1239
          170         0.013001           0.013615            0.050006   1244
          175         0.012985           0.013460            0.050017   1251
          180         0.012798           0.013284            0.050034   1256
          185         0.012865           0.013397            0.050039   1258
          190         0.012805           0.013397            0.050057   1260
          195         0.012795           0.013397            0.050035   1264
          200         0.012729           0.013380            0.050033   1267
Lowest standard deviation for AMSR: 0.0488 at 25 miles

SMAP vs SWC_5:
 Max Distance  Mean Difference  Median Difference  Standard Deviation  Count
            5              NaN                NaN                 NaN      0
           10              NaN                NaN                 NaN      0
           15         0.023476           0.028248            0.039369   1348
           20         0.023476           0.028248            0.039369   1348
           25         0.023476           0.028248            0.039369   1348
           30         0.023476           0.028248            0.039369   1348
           35         0.023476           0.028248            0.039369   1348
           40         0.023476           0.028248            0.039369   1348
           45         0.023476           0.028248            0.039369   1348
           50         0.023476           0.028248            0.039369   1348
           55         0.023476           0.028248            0.039369   1348
           60         0.023476           0.028248            0.039369   1348
           65         0.023476           0.028248            0.039369   1348
           70         0.023476           0.028248            0.039369   1348
           75         0.023476           0.028248            0.039369   1348
           80         0.023476           0.028248            0.039369   1348
           85         0.023476           0.028248            0.039369   1348
           90         0.023476           0.028248            0.039369   1348
           95         0.023476           0.028248            0.039369   1348
          100         0.023476           0.028248            0.039369   1348
          105         0.023476           0.028248            0.039369   1348
          110         0.023476           0.028248            0.039369   1348
          115         0.023476           0.028248            0.039369   1348
          120         0.023476           0.028248            0.039369   1348
          125         0.023476           0.028248            0.039369   1348
          130         0.023476           0.028248            0.039369   1348
          135         0.023476           0.028248            0.039369   1348
          140         0.023476           0.028248            0.039369   1348
          145         0.023476           0.028248            0.039369   1348
          150         0.023476           0.028248            0.039369   1348
          155         0.023476           0.028248            0.039369   1348
          160         0.023476           0.028248            0.039369   1348
          165         0.023476           0.028248            0.039369   1348
          170         0.023476           0.028248            0.039369   1348
          175         0.023476           0.028248            0.039369   1348
          180         0.023476           0.028248            0.039369   1348
          185         0.023476           0.028248            0.039369   1348
          190         0.023476           0.028248            0.039369   1348
          195         0.023476           0.028248            0.039369   1348
          200         0.023476           0.028248            0.039369   1348
Lowest standard deviation for SMAP: 0.0394 at 15 miles

==================================================

Station 2
AMSR vs SWC_5:
 Max Distance  Mean Difference  Median Difference  Standard Deviation  Count
            5              NaN                NaN                 NaN      0
           10        -0.019674          -0.021354            0.059905    666
           15        -0.019405          -0.021313            0.060369   1003
           20        -0.019618          -0.020947            0.060318   1016
           25        -0.019601          -0.020582            0.060275   1025
           30        -0.019606          -0.020582            0.060217   1027
           35        -0.019989          -0.020557            0.060289   1058
           40        -0.020038          -0.020362            0.060343   1064
           45        -0.020120          -0.020557            0.060317   1066
           50        -0.020390          -0.020580            0.060451   1072
           55        -0.020474          -0.020947            0.060502   1078
           60        -0.020555          -0.021313            0.060494   1081
           65        -0.020660          -0.021354            0.060566   1082
           70        -0.020805          -0.022100            0.060567   1086
           75        -0.021119          -0.023158            0.060729   1091
           80        -0.021484          -0.023383            0.060847   1097
           85        -0.022068          -0.023986            0.061081   1108
           90        -0.022390          -0.024326            0.061131   1120
           95        -0.022644          -0.025367            0.061085   1130
          100        -0.022763          -0.025381            0.061146   1133
          105        -0.022758          -0.024941            0.061023   1158
          110        -0.022759          -0.025353            0.061036   1167
          115        -0.022482          -0.024121            0.061047   1177
          120        -0.022544          -0.024326            0.061070   1182
          125        -0.022751          -0.025381            0.061036   1187
          130        -0.022956          -0.025535            0.061068   1193
          135        -0.022841          -0.025434            0.061081   1195
          140        -0.022841          -0.025434            0.061081   1195
          145        -0.022841          -0.025434            0.061081   1195
          150        -0.022841          -0.025434            0.061081   1195
          155        -0.022920          -0.025484            0.061116   1196
          160        -0.022957          -0.025484            0.061117   1200
          165        -0.022998          -0.025684            0.061113   1204
          170        -0.023022          -0.025684            0.061036   1208
          175        -0.022985          -0.025535            0.061024   1209
          180        -0.022875          -0.025434            0.061034   1211
          185        -0.022962          -0.025484            0.060976   1218
          190        -0.022909          -0.025434            0.060979   1219
          195        -0.022882          -0.025407            0.060961   1220
          200        -0.023018          -0.025484            0.061013   1222
Lowest standard deviation for AMSR: 0.0599 at 10 miles

SMAP vs SWC_5:
 Max Distance  Mean Difference  Median Difference  Standard Deviation  Count
            5              NaN                NaN                 NaN      0
           10        -0.009957          -0.008595            0.046969   1301
           15        -0.009957          -0.008595            0.046969   1301
           20        -0.009957          -0.008595            0.046969   1301
           25        -0.009957          -0.008595            0.046969   1301
           30        -0.009957          -0.008595            0.046969   1301
           35        -0.009957          -0.008595            0.046969   1301
           40        -0.009957          -0.008595            0.046969   1301
           45        -0.009957          -0.008595            0.046969   1301
           50        -0.009957          -0.008595            0.046969   1301
           55        -0.009957          -0.008595            0.046969   1301
           60        -0.009957          -0.008595            0.046969   1301
           65        -0.009957          -0.008595            0.046969   1301
           70        -0.009957          -0.008595            0.046969   1301
           75        -0.009957          -0.008595            0.046969   1301
           80        -0.009957          -0.008595            0.046969   1301
           85        -0.009957          -0.008595            0.046969   1301
           90        -0.009957          -0.008595            0.046969   1301
           95        -0.009957          -0.008595            0.046969   1301
          100        -0.009957          -0.008595            0.046969   1301
          105        -0.009957          -0.008595            0.046969   1301
          110        -0.009957          -0.008595            0.046969   1301
          115        -0.009957          -0.008595            0.046969   1301
          120        -0.009957          -0.008595            0.046969   1301
          125        -0.009957          -0.008595            0.046969   1301
          130        -0.009957          -0.008595            0.046969   1301
          135        -0.009957          -0.008595            0.046969   1301
          140        -0.009957          -0.008595            0.046969   1301
          145        -0.009957          -0.008595            0.046969   1301
          150        -0.009957          -0.008595            0.046969   1301
          155        -0.009957          -0.008595            0.046969   1301
          160        -0.009957          -0.008595            0.046969   1301
          165        -0.009957          -0.008595            0.046969   1301
          170        -0.009957          -0.008595            0.046969   1301
          175        -0.009957          -0.008595            0.046969   1301
          180        -0.009957          -0.008595            0.046969   1301
          185        -0.009957          -0.008595            0.046969   1301
          190        -0.009957          -0.008595            0.046969   1301
          195        -0.009957          -0.008595            0.046969   1301
          200        -0.009957          -0.008595            0.046969   1301
Lowest standard deviation for SMAP: 0.0470 at 10 miles

==================================================

Station 3
AMSR vs SWC_5:
 Max Distance  Mean Difference  Median Difference  Standard Deviation  Count
            5              NaN                NaN                 NaN      0
           10              NaN                NaN                 NaN      0
           15        -0.003971          -0.006872            0.045680   1052
           20        -0.004184          -0.006928            0.045603   1070
           25        -0.004297          -0.007029            0.045542   1080
           30        -0.004263          -0.007029            0.045523   1082
           35        -0.004759          -0.007107            0.045818   1102
           40        -0.005049          -0.007181            0.045862   1122
           45        -0.005345          -0.007802            0.045942   1129
           50        -0.005310          -0.007654            0.045914   1132
           55        -0.005372          -0.007887            0.045933   1138
           60        -0.005419          -0.007887            0.045928   1140
           65        -0.005525          -0.007971            0.046047   1141
           70        -0.005684          -0.008069            0.046098   1145
           75        -0.005863          -0.008157            0.046199   1149
           80        -0.006140          -0.008214            0.046296   1155
           85        -0.006480          -0.008298            0.046410   1164
           90        -0.006851          -0.008553            0.046460   1176
           95        -0.007236          -0.008919            0.046495   1191
          100        -0.007230          -0.008865            0.046570   1197
          105        -0.007332          -0.008824            0.046508   1224
          110        -0.007284          -0.008892            0.046560   1236
          115        -0.007232          -0.008865            0.046522   1245
          120        -0.007348          -0.008968            0.046493   1250
          125        -0.007499          -0.009156            0.046501   1254
          130        -0.007481          -0.009156            0.046528   1258
          135        -0.007472          -0.009156            0.046508   1260
          140        -0.007472          -0.009156            0.046508   1260
          145        -0.007472          -0.009156            0.046508   1260
          150        -0.007472          -0.009156            0.046508   1260
          155        -0.007472          -0.009156            0.046508   1260
          160        -0.007523          -0.009156            0.046521   1264
          165        -0.007562          -0.009156            0.046577   1268
          170        -0.007600          -0.009255            0.046543   1271
          175        -0.007528          -0.009037            0.046529   1274
          180        -0.007475          -0.009017            0.046539   1277
          185        -0.007571          -0.009017            0.046571   1283
          190        -0.007537          -0.008968            0.046568   1284
          195        -0.007515          -0.008919            0.046557   1285
          200        -0.007606          -0.009017            0.046614   1287
Lowest standard deviation for AMSR: 0.0455 at 30 miles

SMAP vs SWC_5:
 Max Distance  Mean Difference  Median Difference  Standard Deviation  Count
            5              NaN                NaN                 NaN      0
           10         0.005418           0.006119            0.035463   1374
           15         0.005418           0.006119            0.035463   1374
           20         0.005418           0.006119            0.035463   1374
           25         0.005418           0.006119            0.035463   1374
           30         0.005418           0.006119            0.035463   1374
           35         0.005418           0.006119            0.035463   1374
           40         0.005418           0.006119            0.035463   1374
           45         0.005418           0.006119            0.035463   1374
           50         0.005418           0.006119            0.035463   1374
           55         0.005418           0.006119            0.035463   1374
           60         0.005418           0.006119            0.035463   1374
           65         0.005418           0.006119            0.035463   1374
           70         0.005418           0.006119            0.035463   1374
           75         0.005418           0.006119            0.035463   1374
           80         0.005418           0.006119            0.035463   1374
           85         0.005418           0.006119            0.035463   1374
           90         0.005418           0.006119            0.035463   1374
           95         0.005418           0.006119            0.035463   1374
          100         0.005418           0.006119            0.035463   1374
          105         0.005418           0.006119            0.035463   1374
          110         0.005418           0.006119            0.035463   1374
          115         0.005418           0.006119            0.035463   1374
          120         0.005418           0.006119            0.035463   1374
          125         0.005418           0.006119            0.035463   1374
          130         0.005418           0.006119            0.035463   1374
          135         0.005418           0.006119            0.035463   1374
          140         0.005418           0.006119            0.035463   1374
          145         0.005418           0.006119            0.035463   1374
          150         0.005418           0.006119            0.035463   1374
          155         0.005418           0.006119            0.035463   1374
          160         0.005418           0.006119            0.035463   1374
          165         0.005418           0.006119            0.035463   1374
          170         0.005418           0.006119            0.035463   1374
          175         0.005418           0.006119            0.035463   1374
          180         0.005418           0.006119            0.035463   1374
          185         0.005418           0.006119            0.035463   1374
          190         0.005418           0.006119            0.035463   1374
          195         0.005418           0.006119            0.035463   1374
          200         0.005418           0.006119            0.035463   1374
Lowest standard deviation for SMAP: 0.0355 at 10 miles

==================================================

Station 4
AMSR vs SWC_5:
 Max Distance  Mean Difference  Median Difference  Standard Deviation  Count
            5              NaN                NaN                 NaN      0
           10        -0.040176          -0.055495            0.066414   1053
           15        -0.040176          -0.055495            0.066414   1053
           20        -0.040261          -0.055495            0.066409   1057
           25        -0.040569          -0.055743            0.066298   1068
           30        -0.040473          -0.055589            0.066266   1072
           35        -0.040742          -0.055683            0.066374   1085
           40        -0.040790          -0.055803            0.066286   1099
           45        -0.040755          -0.055743            0.066266   1100
           50        -0.040871          -0.055963            0.066216   1103
           55        -0.041228          -0.055803            0.066275   1119
           60        -0.041536          -0.056049            0.066356   1134
           65        -0.041575          -0.056023            0.066425   1141
           70        -0.041776          -0.056075            0.066542   1143
           75        -0.041812          -0.056087            0.066456   1150
           80        -0.041824          -0.056023            0.066431   1165
           85        -0.041883          -0.056049            0.066405   1182
           90        -0.042286          -0.056279            0.066503   1196
           95        -0.042771          -0.057483            0.066573   1207
          100        -0.043056          -0.058358            0.066567   1216
          105        -0.043189          -0.058424            0.066436   1229
          110        -0.043624          -0.058570            0.066529   1239
          115        -0.043915          -0.058709            0.066772   1251
          120        -0.043896          -0.058558            0.066712   1259
          125        -0.043896          -0.058558            0.066712   1259
          130        -0.043912          -0.058564            0.066688   1260
          135        -0.043912          -0.058564            0.066688   1260
          140        -0.043912          -0.058564            0.066688   1260
          145        -0.043912          -0.058564            0.066688   1260
          150        -0.043912          -0.058564            0.066688   1260
          155        -0.043912          -0.058564            0.066688   1260
          160        -0.043767          -0.058424            0.066677   1263
          165        -0.043926          -0.058558            0.066674   1267
          170        -0.043926          -0.058558            0.066674   1267
          175        -0.043905          -0.058491            0.066652   1268
          180        -0.044013          -0.058564            0.066661   1270
          185        -0.044251          -0.058709            0.066631   1277
          190        -0.044410          -0.058760            0.066719   1284
          195        -0.044510          -0.058811            0.066689   1287
          200        -0.044426          -0.058760            0.066731   1288
Lowest standard deviation for AMSR: 0.0662 at 50 miles

SMAP vs SWC_5:
 Max Distance  Mean Difference  Median Difference  Standard Deviation  Count
            5              NaN                NaN                 NaN      0
           10              NaN                NaN                 NaN      0
           15              NaN                NaN                 NaN      0
           20              NaN                NaN                 NaN      0
           25        -0.034211          -0.038899            0.053401   1374
           30        -0.034211          -0.038899            0.053401   1374
           35        -0.034211          -0.038899            0.053401   1374
           40        -0.034211          -0.038899            0.053401   1374
           45        -0.034211          -0.038899            0.053401   1374
           50        -0.034211          -0.038899            0.053401   1374
           55        -0.034211          -0.038899            0.053401   1374
           60        -0.034211          -0.038899            0.053401   1374
           65        -0.034211          -0.038899            0.053401   1374
           70        -0.034211          -0.038899            0.053401   1374
           75        -0.034211          -0.038899            0.053401   1374
           80        -0.034211          -0.038899            0.053401   1374
           85        -0.034211          -0.038899            0.053401   1374
           90        -0.034211          -0.038899            0.053401   1374
           95        -0.034211          -0.038899            0.053401   1374
          100        -0.034211          -0.038899            0.053401   1374
          105        -0.034211          -0.038899            0.053401   1374
          110        -0.034211          -0.038899            0.053401   1374
          115        -0.034211          -0.038899            0.053401   1374
          120        -0.034211          -0.038899            0.053401   1374
          125        -0.034211          -0.038899            0.053401   1374
          130        -0.034211          -0.038899            0.053401   1374
          135        -0.034211          -0.038899            0.053401   1374
          140        -0.034211          -0.038899            0.053401   1374
          145        -0.034211          -0.038899            0.053401   1374
          150        -0.034211          -0.038899            0.053401   1374
          155        -0.034211          -0.038899            0.053401   1374
          160        -0.034211          -0.038899            0.053401   1374
          165        -0.034211          -0.038899            0.053401   1374
          170        -0.034211          -0.038899            0.053401   1374
          175        -0.034211          -0.038899            0.053401   1374
          180        -0.034211          -0.038899            0.053401   1374
          185        -0.034211          -0.038899            0.053401   1374
          190        -0.034211          -0.038899            0.053401   1374
          195        -0.034211          -0.038899            0.053401   1374
          200        -0.034211          -0.038899            0.053401   1374
Lowest standard deviation for SMAP: 0.0534 at 25 miles

==================================================

Station 5
AMSR vs SWC_5:
 Max Distance  Mean Difference  Median Difference  Standard Deviation  Count
            5        -0.090256          -0.094743            0.063233    891
           10        -0.089643          -0.092125            0.063263   1065
           15        -0.089616          -0.092121            0.063239   1066
           20        -0.089604          -0.092121            0.063246   1068
           25        -0.090019          -0.092391            0.063274   1088
           30        -0.090129          -0.092121            0.063234   1108
           35        -0.090210          -0.092125            0.063227   1115
           40        -0.090326          -0.092391            0.063316   1116
           45        -0.090258          -0.092125            0.063328   1117
           50        -0.090441          -0.092657            0.063386   1121
           55        -0.090684          -0.093195            0.063335   1129
           60        -0.090880          -0.093248            0.063432   1137
           65        -0.091096          -0.093373            0.063406   1145
           70        -0.091059          -0.093311            0.063477   1152
           75        -0.091681          -0.093901            0.063603   1166
           80        -0.091858          -0.094242            0.063524   1177
           85        -0.092428          -0.094831            0.063709   1188
           90        -0.092639          -0.094831            0.063590   1200
           95        -0.092588          -0.094915            0.063566   1205
          100        -0.092644          -0.095004            0.063568   1206
          105        -0.092701          -0.095093            0.063573   1207
          110        -0.092166          -0.094536            0.063693   1226
          115        -0.092266          -0.094743            0.063614   1233
          120        -0.091879          -0.093966            0.063632   1243
          125        -0.092059          -0.094330            0.063614   1247
          130        -0.092298          -0.094746            0.063671   1251
          135        -0.092408          -0.094915            0.063702   1255
          140        -0.092283          -0.094746            0.063728   1257
          145        -0.092283          -0.094746            0.063728   1257
          150        -0.092341          -0.094746            0.063712   1261
          155        -0.092277          -0.094831            0.063710   1264
          160        -0.092248          -0.094746            0.063662   1267
          165        -0.092255          -0.094831            0.063632   1270
          170        -0.092255          -0.094831            0.063632   1270
          175        -0.092254          -0.094746            0.063650   1273
          180        -0.092206          -0.094744            0.063648   1274
          185        -0.092206          -0.094744            0.063648   1274
          190        -0.092027          -0.094330            0.063682   1277
          195        -0.092162          -0.094743            0.063679   1281
          200        -0.092126          -0.094536            0.063667   1282
Lowest standard deviation for AMSR: 0.0632 at 35 miles

SMAP vs SWC_5:
 Max Distance  Mean Difference  Median Difference  Standard Deviation  Count
            5              NaN                NaN                 NaN      0
           10              NaN                NaN                 NaN      0
           15              NaN                NaN                 NaN      0
           20        -0.073891          -0.072116            0.049591   1371
           25        -0.073891          -0.072116            0.049591   1371
           30        -0.073891          -0.072116            0.049591   1371
           35        -0.073891          -0.072116            0.049591   1371
           40        -0.073891          -0.072116            0.049591   1371
           45        -0.073891          -0.072116            0.049591   1371
           50        -0.073891          -0.072116            0.049591   1371
           55        -0.073891          -0.072116            0.049591   1371
           60        -0.073891          -0.072116            0.049591   1371
           65        -0.073891          -0.072116            0.049591   1371
           70        -0.073891          -0.072116            0.049591   1371
           75        -0.073891          -0.072116            0.049591   1371
           80        -0.073891          -0.072116            0.049591   1371
           85        -0.073891          -0.072116            0.049591   1371
           90        -0.073891          -0.072116            0.049591   1371
           95        -0.073891          -0.072116            0.049591   1371
          100        -0.073891          -0.072116            0.049591   1371
          105        -0.073891          -0.072116            0.049591   1371
          110        -0.073891          -0.072116            0.049591   1371
          115        -0.073891          -0.072116            0.049591   1371
          120        -0.073891          -0.072116            0.049591   1371
          125        -0.073891          -0.072116            0.049591   1371
          130        -0.073891          -0.072116            0.049591   1371
          135        -0.073891          -0.072116            0.049591   1371
          140        -0.073891          -0.072116            0.049591   1371
          145        -0.073891          -0.072116            0.049591   1371
          150        -0.073891          -0.072116            0.049591   1371
          155        -0.073891          -0.072116            0.049591   1371
          160        -0.073891          -0.072116            0.049591   1371
          165        -0.073891          -0.072116            0.049591   1371
          170        -0.073891          -0.072116            0.049591   1371
          175        -0.073891          -0.072116            0.049591   1371
          180        -0.073891          -0.072116            0.049591   1371
          185        -0.073891          -0.072116            0.049591   1371
          190        -0.073891          -0.072116            0.049591   1371
          195        -0.073891          -0.072116            0.049591   1371
          200        -0.073891          -0.072116            0.049591   1371
Lowest standard deviation for SMAP: 0.0496 at 20 miles

==================================================

Station 6
AMSR vs SWC_5:
 Max Distance  Mean Difference  Median Difference  Standard Deviation  Count
            5              NaN                NaN                 NaN      0
           10         0.046922           0.046688            0.030955   1033
           15         0.047336           0.046952            0.031046   1053
           20         0.047330           0.046946            0.031032   1054
           25         0.047156           0.046730            0.031198   1068
           30         0.047140           0.046668            0.031192   1078
           35         0.046980           0.046646            0.031267   1090
           40         0.047004           0.046646            0.031250   1092
           45         0.046745           0.046629            0.031390   1114
           50         0.046418           0.046460            0.031503   1130
           55         0.046414           0.046540            0.031489   1137
           60         0.046293           0.046460            0.031552   1140
           65         0.046227           0.046457            0.031617   1141
           70         0.046227           0.046457            0.031617   1141
           75         0.046181           0.046410            0.031617   1143
           80         0.045968           0.046046            0.031712   1150
           85         0.045730           0.045810            0.031963   1169
           90         0.045653           0.045782            0.031903   1185
           95         0.045625           0.045668            0.031787   1210
          100         0.045335           0.045436            0.031892   1222
          105         0.044725           0.045016            0.032196   1240
          110         0.044291           0.044347            0.032388   1254
          115         0.044283           0.044347            0.032391   1258
          120         0.044291           0.044347            0.032369   1260
          125         0.044291           0.044347            0.032369   1260
          130         0.044291           0.044347            0.032369   1260
          135         0.044291           0.044347            0.032369   1260
          140         0.044291           0.044347            0.032369   1260
          145         0.044291           0.044347            0.032369   1260
          150         0.044291           0.044347            0.032369   1260
          155         0.044291           0.044347            0.032369   1260
          160         0.044291           0.044347            0.032369   1260
          165         0.044291           0.044347            0.032369   1260
          170         0.044289           0.044347            0.032359   1264
          175         0.044082           0.043954            0.032393   1272
          180         0.044039           0.043870            0.032437   1276
          185         0.043972           0.043783            0.032414   1280
          190         0.044003           0.043820            0.032407   1282
          195         0.043887           0.043783            0.032475   1286
          200         0.043787           0.043623            0.032544   1291
Lowest standard deviation for AMSR: 0.0310 at 10 miles

SMAP vs SWC_5:
 Max Distance  Mean Difference  Median Difference  Standard Deviation  Count
            5              NaN                NaN                 NaN      0
           10              NaN                NaN                 NaN      0
           15              NaN                NaN                 NaN      0
           20         0.052996           0.053925            0.028706   1374
           25         0.052996           0.053925            0.028706   1374
           30         0.052996           0.053925            0.028706   1374
           35         0.052996           0.053925            0.028706   1374
           40         0.052996           0.053925            0.028706   1374
           45         0.052996           0.053925            0.028706   1374
           50         0.052996           0.053925            0.028706   1374
           55         0.052996           0.053925            0.028706   1374
           60         0.052996           0.053925            0.028706   1374
           65         0.052996           0.053925            0.028706   1374
           70         0.052996           0.053925            0.028706   1374
           75         0.052996           0.053925            0.028706   1374
           80         0.052996           0.053925            0.028706   1374
           85         0.052996           0.053925            0.028706   1374
           90         0.052996           0.053925            0.028706   1374
           95         0.052996           0.053925            0.028706   1374
          100         0.052996           0.053925            0.028706   1374
          105         0.052996           0.053925            0.028706   1374
          110         0.052996           0.053925            0.028706   1374
          115         0.052996           0.053925            0.028706   1374
          120         0.052996           0.053925            0.028706   1374
          125         0.052996           0.053925            0.028706   1374
          130         0.052996           0.053925            0.028706   1374
          135         0.052996           0.053925            0.028706   1374
          140         0.052996           0.053925            0.028706   1374
          145         0.052996           0.053925            0.028706   1374
          150         0.052996           0.053925            0.028706   1374
          155         0.052996           0.053925            0.028706   1374
          160         0.052996           0.053925            0.028706   1374
          165         0.052996           0.053925            0.028706   1374
          170         0.052996           0.053925            0.028706   1374
          175         0.052996           0.053925            0.028706   1374
          180         0.052996           0.053925            0.028706   1374
          185         0.052996           0.053925            0.028706   1374
          190         0.052996           0.053925            0.028706   1374
          195         0.052996           0.053925            0.028706   1374
          200         0.052996           0.053925            0.028706   1374
Lowest standard deviation for SMAP: 0.0287 at 20 miles

==================================================

