Station 1
AMSR vs SWC_5:
Max Distance      MSE      MAE  MAE Percentage  Count
         15  0.002655 0.042514       37.147540   1039
         20  0.002659 0.042606       37.208258   1046
         25  0.002646 0.042524       37.063877   1057
         30  0.002658 0.042616       37.225595   1064
         35  0.002661 0.042650       37.206876   1066
         40  0.002661 0.042718       37.167444   1084
         45  0.002662 0.042678       36.958761   1104
         50  0.002669 0.042783       37.157300   1119
         55  0.002674 0.042823       37.160443   1120
         60  0.002674 0.042838       37.138096   1122
         65  0.002679 0.042877       37.135328   1123
         70  0.002679 0.042877       37.135328   1123
         75  0.002682 0.042908       37.128179   1125
         80  0.002693 0.043017       37.023360   1137
         85  0.002698 0.043077       37.031519   1143
         90  0.002697 0.043072       37.091417   1158
         95  0.002680 0.042891       36.829757   1182
         100 0.002681 0.042908       36.728661   1207
         105 0.002681 0.042866       36.582442   1223
         110 0.002669 0.042743       36.439365   1231
         115 0.002670 0.042777       36.409746   1235
         120 0.002671 0.042817       36.417115   1239
         125 0.002671 0.042817       36.417115   1239
         130 0.002671 0.042817       36.417115   1239
         135 0.002671 0.042817       36.417115   1239
         140 0.002671 0.042817       36.417115   1239
         145 0.002671 0.042817       36.417115   1239
         150 0.002671 0.042817       36.417115   1239
         155 0.002671 0.042817       36.417115   1239
         160 0.002671 0.042817       36.417115   1239
Lowest MSE for AMSR: 0.002646 at 25 miles
Lowest MAE for AMSR: 0.042514 at 15 miles
Lowest MAE Percentage for AMSR: 36.41% at 115 miles

Overall MSE for AMSR: 0.003100
Overall MAE for AMSR: 0.045770
Overall MAE Percentage for AMSR: 37.11%

==================================================

Station 2
AMSR vs SWC_5:
Max Distance      MSE      MAE  MAE Percentage  Count
         15  0.004017 0.054154       30.675365   1003
         20  0.004020 0.054095       30.586348   1016
         25  0.004014 0.054043       30.551823   1025
         30  0.004007 0.053980       30.515744   1027
         35  0.004031 0.053994       30.419789   1058
         40  0.004039 0.053994       30.396009   1064
         45  0.004040 0.054013       30.396973   1066
         50  0.004067 0.054174       30.429627   1072
         55  0.004076 0.054256       30.464399   1078
         60  0.004079 0.054256       30.443958   1081
         65  0.004092 0.054330       30.460288   1082
         70  0.004098 0.054359       30.446507   1086
         75  0.004131 0.054561       30.491770   1091
         80  0.004161 0.054743       30.516679   1097
         85  0.004215 0.055077       30.615899   1108
         90  0.004235 0.055152       30.589466   1120
         95  0.004241 0.055157       30.564982   1130
         100 0.004254 0.055191       30.549931   1133
         105 0.004239 0.055005       30.469002   1158
         110 0.004240 0.055037       30.490803   1167
         115 0.004229 0.054986       30.532566   1177
         120 0.004235 0.055017       30.533180   1182
         125 0.004240 0.055088       30.538843   1187
         130 0.004253 0.055214       30.558385   1193
         135 0.004249 0.055198       30.569355   1195
         140 0.004249 0.055198       30.569355   1195
         145 0.004249 0.055198       30.569355   1195
         150 0.004249 0.055198       30.569355   1195
         155 0.004257 0.055249       30.581394   1196
         160 0.004259 0.055243       30.568054   1200
Lowest MSE for AMSR: 0.004007 at 30 miles
Lowest MAE for AMSR: 0.053980 at 30 miles
Lowest MAE Percentage for AMSR: 30.40% at 40 miles

Overall MSE for AMSR: 0.005299
Overall MAE for AMSR: 0.059723
Overall MAE Percentage for AMSR: 32.26%

==================================================

Station 3
AMSR vs SWC_5:
Max Distance      MSE      MAE  MAE Percentage  Count
         15  0.002100 0.037757       24.927037   1052
         20  0.002095 0.037686       24.825298   1070
         25  0.002091 0.037632       24.766676   1080
         30  0.002089 0.037614       24.762101   1082
         35  0.002120 0.037838       24.789181   1102
         40  0.002127 0.037855       24.735976   1122
         45  0.002137 0.037948       24.735249   1129
         50  0.002134 0.037931       24.728045   1132
         55  0.002137 0.037966       24.739193   1138
         60  0.002137 0.037958       24.722988   1140
         65  0.002149 0.038035       24.742119   1141
         70  0.002155 0.038080       24.736219   1145
         75  0.002167 0.038185       24.764077   1149
         80  0.002179 0.038311       24.788421   1155
         85  0.002194 0.038489       24.864823   1164
         90  0.002204 0.038575       24.874146   1176
         95  0.002212 0.038655       24.860369   1191
         100 0.002219 0.038712       24.888295   1197
         105 0.002215 0.038667       24.872263   1224
         110 0.002219 0.038745       24.942499   1236
         115 0.002215 0.038735       24.933865   1245
         120 0.002214 0.038725       24.906800   1250
         125 0.002217 0.038776       24.911756   1254
         130 0.002219 0.038819       24.937436   1258
         135 0.002217 0.038807       24.926125   1260
         140 0.002217 0.038807       24.926125   1260
         145 0.002217 0.038807       24.926125   1260
         150 0.002217 0.038807       24.926125   1260
         155 0.002217 0.038807       24.926125   1260
         160 0.002219 0.038834       24.934902   1264
Lowest MSE for AMSR: 0.002089 at 30 miles
Lowest MAE for AMSR: 0.037614 at 30 miles
Lowest MAE Percentage for AMSR: 24.72% at 60 miles

Overall MSE for AMSR: 0.002960
Overall MAE for AMSR: 0.043480
Overall MAE Percentage for AMSR: 26.99%

==================================================

Station 4
AMSR vs SWC_5:
Max Distance      MSE      MAE  MAE Percentage  Count
         15  0.006021 0.067022       33.537758   1053
         20  0.006027 0.067037       33.516419   1057
         25  0.006037 0.067103       33.472184   1068
         30  0.006025 0.067022       33.439585   1072
         35  0.006061 0.067149       33.433571   1085
         40  0.006054 0.067132       33.425263   1099
         45  0.006048 0.067072       33.396103   1100
         50  0.006051 0.067117       33.396300   1103
         55  0.006088 0.067155       33.328523   1119
         60  0.006125 0.067344       33.358091   1134
         65  0.006137 0.067382       33.365948   1141
         70  0.006169 0.067538       33.396440   1143
         75  0.006161 0.067489       33.351991   1150
         80  0.006158 0.067432       33.303404   1165
         85  0.006160 0.067420       33.268451   1182
         90  0.006207 0.067656       33.311319   1196
         95  0.006258 0.068009       33.421841   1207
         100 0.006281 0.068209       33.480613   1216
         105 0.006275 0.068152       33.412631   1229
         110 0.006326 0.068386       33.469341   1239
         115 0.006383 0.068661       33.587534   1251
         120 0.006374 0.068564       33.573218   1259
         125 0.006374 0.068564       33.573218   1259
         130 0.006372 0.068561       33.566398   1260
         135 0.006372 0.068561       33.566398   1260
         140 0.006372 0.068561       33.566398   1260
         145 0.006372 0.068561       33.566398   1260
         150 0.006372 0.068561       33.566398   1260
         155 0.006372 0.068561       33.566398   1260
         160 0.006358 0.068439       33.516123   1263
Lowest MSE for AMSR: 0.006021 at 15 miles
Lowest MAE for AMSR: 0.067022 at 15 miles
Lowest MAE Percentage for AMSR: 33.27% at 85 miles

Overall MSE for AMSR: 0.007502
Overall MAE for AMSR: 0.073083
Overall MAE Percentage for AMSR: 35.18%

==================================================

Station 5
AMSR vs SWC_5:
Max Distance      MSE      MAE  MAE Percentage  Count
         15  0.012026 0.091523       33.481646   1066
         20  0.012025 0.091507       33.475181   1068
         25  0.012103 0.091887       33.620282   1088
         30  0.012118 0.091964       33.651166   1108
         35  0.012132 0.092033       33.669991   1115
         40  0.012164 0.092147       33.690472   1116
         45  0.012153 0.092078       33.667589   1117
         50  0.012194 0.092254       33.715705   1121
         55  0.012231 0.092485       33.790153   1129
         60  0.012279 0.092668       33.835693   1137
         65  0.012315 0.092871       33.901904   1145
         70  0.012318 0.092847       33.885672   1152
         75  0.012447 0.093447       34.102738   1166
         80  0.012470 0.093608       34.206931   1177
         85  0.012598 0.094162       34.393176   1188
         90  0.012622 0.094355       34.539260   1200
         95  0.012610 0.094317       34.525528   1205
         100 0.012620 0.094371       34.534200   1206
         105 0.012632 0.094426       34.552544   1207
         110 0.012548 0.093973       34.412028   1226
         115 0.012556 0.094063       34.445866   1233
         120 0.012488 0.093663       34.322456   1243
         125 0.012518 0.093838       34.373044   1247
         130 0.012570 0.094071       34.430661   1251
         135 0.012594 0.094175       34.439761   1255
         140 0.012574 0.094048       34.397822   1257
         145 0.012574 0.094048       34.397822   1257
         150 0.012583 0.094100       34.421610   1261
         155 0.012571 0.094055       34.412279   1264
         160 0.012559 0.094022       34.411415   1267
Lowest MSE for AMSR: 0.012025 at 20 miles
Lowest MAE for AMSR: 0.091507 at 20 miles
Lowest MAE Percentage for AMSR: 33.48% at 20 miles

Overall MSE for AMSR: 0.014093
Overall MAE for AMSR: 0.099693
Overall MAE Percentage for AMSR: 36.87%

==================================================

Station 6
AMSR vs SWC_5:
Max Distance      MSE      MAE  MAE Percentage  Count
         15  0.003204 0.048780       50.365729   1053
         20  0.003202 0.048772       50.359308   1054
         25  0.003196 0.048657       50.358096   1068
         30  0.003194 0.048656       50.372758   1078
         35  0.003184 0.048524       50.187299   1090
         40  0.003185 0.048545       50.203862   1092
         45  0.003170 0.048454       50.058539   1114
         50  0.003146 0.048217       49.825016   1130
         55  0.003145 0.048222       49.873039   1137
         60  0.003138 0.048141       49.772888   1140
         65  0.003136 0.048124       49.743268   1141
         70  0.003136 0.048124       49.743268   1141
         75  0.003131 0.048075       49.679005   1143
         80  0.003118 0.047928       49.523421   1150
         85  0.003112 0.047686       49.201154   1169
         90  0.003101 0.047631       49.104881   1185
         95  0.003091 0.047574       49.092756   1210
         100 0.003072 0.047328       48.836570   1222
         105 0.003036 0.046920       48.364411   1240
         110 0.003010 0.046632       48.044760   1254
         115 0.003009 0.046617       48.059561   1258
         120 0.003009 0.046620       48.049787   1260
         125 0.003009 0.046620       48.049787   1260
         130 0.003009 0.046620       48.049787   1260
         135 0.003009 0.046620       48.049787   1260
         140 0.003009 0.046620       48.049787   1260
         145 0.003009 0.046620       48.049787   1260
         150 0.003009 0.046620       48.049787   1260
         155 0.003009 0.046620       48.049787   1260
         160 0.003009 0.046620       48.049787   1260
Lowest MSE for AMSR: 0.003009 at 120 miles
Lowest MAE for AMSR: 0.046617 at 115 miles
Lowest MAE Percentage for AMSR: 48.04% at 110 miles

Overall MSE for AMSR: 0.002915
Overall MAE for AMSR: 0.045386
Overall MAE Percentage for AMSR: 46.30%

==================================================

